file	speech	m_pitch	min_pit	max_pit	sd_pit	range_pit	convo	comfort	sing	inform	read	imperative	question	vocalplay	noisy	age	gender	coder	ID					
B-01_06_pass1__358_12.wav	CDS	187.145453	159.8874495	263.7418677	19.82640097	103.8544182	0	0	0	0	0	0	0	1	0	6	FEMALE	giselle	B01					
B-01_06_pass1__358_16.wav	CDS	239.5152001	148.0321673	317.8222727	39.77626769	169.7901054	0	0	0	0	0	0	1	0	0	6	FEMALE	giselle	B01					
B-01_06_pass1__358_18.wav	CDS	207.8741021	155.0879497	382.4208741	67.53398011	227.3329244	0	0	0	0	0	0	0	0	0	6	FEMALE	giselle	B01					
B-01_06_pass1__358_27.wav	CDS	276.2223461	140.1523041	393.832314	45.63065804	253.6800099	0	0	0	0	0	0	1	0	0	6	FEMALE	giselle	B01					
B-01_06_pass1__358_31.wav	ADS	166.4636926	138.1258659	268.3592146	28.88502661	130.2333487	0	0	0	0	0	0	0	0	0	6	MALE	giselle	B01					
B-01_06_pass1__358_33.wav	ADS	237.2419206	195.1669088	308.876251	28.15938072	113.7093422	1	0	0	0	0	0	0	0	0	6	FEMALE	giselle	B01					
B-01_06_pass1__358_34.wav	ADS	265.0066291	119.2247269	407.5576792	49.04255146	288.3329523	0	0	0	1	0	0	1	0	0	6	FEMALE	giselle	B01					
B-01_06_pass1__358_41.wav	CDS	219.0887266	161.499374	328.1074774	33.90703735	166.6081034	0	0	0	1	0	0	1	0	0	6	FEMALE	giselle	B01					
B-01_06_pass1__358_43.wav	CDS	223.612421	161.3726928	335.8053584	43.84592944	174.4326656	0	0	0	1	0	0	0	0	0	6	FEMALE	giselle	B01					
B-01_06_pass1__358_47.wav	CDS	187.1581255	158.3928894	249.399231	18.34977729	91.0063416	0	0	0	1	0	0	0	0	0	6	FEMALE	giselle	B01					
B-01_06_pass1__358_50.wav	CDS	246.4567618	169.071728	439.16013	75.9463349	270.088402	0	0	0	0	0	1	0	0	0	6	FEMALE	giselle	B01					
B-01_06_pass1__358_59.wav	CDS	220.1895158	194.9059563	317.638315	21.89800671	122.7323587	0	0	0	0	0	0	0	0	0	6	FEMALE	giselle	B01					
B-01_06_pass1__358_61.wav	CDS	160.5903425	123.8902005	225.5953333	20.46793932	101.7051329	0	0	0	0	0	0	0	0	1	6	MALE	giselle	B01					
B-01_06_pass1__358_64.wav	CDS	195.5673892	136.8102137	375.3550345	34.70266986	238.5448208	1	0	0	1	0	1	0	0	0	6	FEMALE	giselle	B01					
B-01_06_pass1__358_66.wav	CDS	235.1410575	158.7802499	298.1476408	29.72631115	139.3673909	0	0	0	0	0	0	0	0	0	6	FEMALE	giselle	B01					
B-02_08_pass1__967__1.wav	CDS	289.6367228	146.5725261	372.9915059	53.8530382	226.4189798	1	0	0	0	0	0	0	0	0	8	FEMALE	amy	B02					
B-02_08_pass1__967__11.wav	CDS	248.9277832	179.6828157	428.2840142	50.92939429	248.6011986	1	0	0	1	0	0	0	0	0	8	FEMALE	amy	B02					
B-02_08_pass1__967__13.wav	CDS	284.1937616	218.5383374	488.3548671	61.56698686	269.8165297	0	0	0	0	0	0	1	0	0	8	FEMALE	amy	B02					
B-02_08_pass1__967__17.wav	CDS	319.3309193	195.0044947	469.2928888	78.91647708	274.2883941	0	0	0	0	0	0	1	0	0	8	FEMALE	amy	B02					
B-02_08_pass1__967__20.wav	CDS	273.4361613	105.1415195	443.5888233	62.63862968	338.4473039	1	0	0	0	0	0	1	0	0	8	FEMALE	amy	B02					
B-02_08_pass1__967__27.wav	CDS	221.3342957	178.24691	294.9195333	34.8364278	116.6726232	1	0	0	0	0	0	0	0	0	8	FEMALE	amy	B02					
B-02_08_pass1__967__29.wav	CDS	233.2825505	165.0449165	421.5832136	59.50388009	256.5382971	0	0	0	0	0	0	1	0	0	8	FEMALE	amy	B02					
B-02_08_pass1__967__33.wav	CDS	202.7972404	122.5285514	408.3579865	37.66806149	285.8294351	1	0	0	1	0	0	0	0	0	8	FEMALE	amy	B02					
B-02_08_pass1__967__35.wav	CDS	207.9374485	112.2595394	298.4006774	52.86117177	186.1411381	0	0	0	0	0	0	1	0	0	8	FEMALE	amy	B02					
B-02_08_pass1__967__37.wav	CDS	217.9365327	180.8051569	289.1883183	20.80559173	108.3831614	0	0	0	1	0	0	0	0	0	8	FEMALE	amy	B02					
B-02_08_pass1__967__39.wav	CDS	255.4668182	118.6454813	458.3156072	83.35019165	339.6701259	0	0	0	1	0	0	0	0	0	8	FEMALE	amy	B02					
B-02_08_pass1__967__43.wav	CDS	274.4183159	105.5883166	442.9397144	75.00360477	337.3513978	1	0	0	1	0	0	0	0	0	8	FEMALE	amy	B02					
B-02_08_pass1__967__46.wav	CDS	246.8687555	124.006857	294.8217274	27.27332717	170.8148704	0	0	0	0	0	0	1	0	0	8	FEMALE	amy	B02					
B-02_08_pass1__967__49.wav	CDS	220.675977	158.5876606	296.2284903	26.26410526	137.6408297	1	0	0	0	0	0	0	0	0	8	FEMALE	amy	B02					
B-02_08_pass1__967__54.wav	CDS	254.7480191	189.7785594	406.4368013	42.66519018	216.6582419	1	1	0	1	0	1	0	0	0	8	FEMALE	amy	B02					
B-02_08_pass1__967__56.wav	CDS	224.7484941	96.67670222	280.5187545	33.51124147	183.8420523	1	0	0	0	0	0	0	0	0	8	FEMALE	amy	B02					
B-02_08_pass1__967__58.wav	CDS	193.198248	130.8743948	241.7253193	29.31128077	110.8509245	0	0	0	1	0	0	0	0	0	8	FEMALE	amy	B02					
B-02_08_pass1__967__60.wav	CDS	244.8595124	157.3090785	424.0828153	43.646259	266.7737368	0	0	0	1	0	0	0	0	0	8	FEMALE	amy	B02					
B-02_08_pass1__967__62.wav	CDS	266.6417704	121.0829627	366.8212217	49.7104903	245.738259	0	0	0	1	0	0	0	0	1	8	FEMALE	amy	B02					
B-02_08_pass1__967__66.wav	CDS	245.0152629	151.0908697	338.9882822	43.50553342	187.8974126	1	0	0	0	0	1	0	0	0	8	FEMALE	amy	B02					
B-02_08_pass1__967__73.wav	CDS	180.3824574	177.6068121	189.7386585	3.210452659	12.13184643	0	0	0	0	0	0	0	0	1	8	FEMALE	amy	B02					
B-02_08_pass1__967__78.wav	CDS	259.5167688	200.2103376	348.1488869	36.92763014	147.9385493	1	0	0	0	0	0	0	0	1	8	FEMALE	amy	B02					
B-02_08_pass1__967__8.wav	CDS	249.418173	102.7284959	380.5256634	87.21818956	277.7971675	0	0	0	0	0	0	0	0	0	8	FEMALE	amy	B02					
B-02_08_pass1__967__83.wav	CDS	231.7002253	149.9896083	312.5866072	38.97297085	162.5969989	1	0	0	0	0	1	0	0	0	8	FEMALE	amy	B02					
B-02_08_pass1__967__86.wav	CDS	230.6872045	151.3638561	307.1221599	38.39748507	155.7583039	0	0	0	0	0	1	0	0	0	8	FEMALE	amy	B02					
B-02_08_pass1__967__87.wav	CDS	218.1802259	173.115155	243.3483184	17.04325583	70.23316341	0	0	0	1	0	0	0	0	0	8	FEMALE	amy	B02					
B-02_08_pass1__967__88.wav	CDS	208.4401524	172.4580691	306.0393	25.14686663	133.5812309	1	0	0	1	0	1	1	0	0	8	FEMALE	amy	B02					
B-03_15_pass1__150__7.wav	CDS	314.9864347	201.8594175	502.3449364	90.53803552	300.4855189	0	0	0	0	0	0	0	0	1	15	FEMALE	amy	B03					
B-04_14_pass1__433__11.wav	CDS	266.0705761	150.5938203	396.1567765	65.00259183	245.5629562	0	0	0	0	0	0	0	1	0	14	FEMALE	amy	B04					
B-04_14_pass1__433__7.wav	CDS	377.7643393	281.9439792	504.2423662	71.75377986	222.298387	0	0	0	0	0	0	0	1	0	14	FEMALE	amy	B04					
B-06_09_pass1__402__14.wav	CDS	284.6700733	116.5303097	472.2616411	111.3035413	355.7313315	0	0	0	0	0	0	0	0	1	9	FEMALE	amy	B06					
B-06_09_pass1__402__2.wav	CDS	206.1156392	118.3652169	297.3174427	45.47759866	178.9522257	0	0	0	1	0	0	0	0	0	9	FEMALE	amy	B06					
B-06_09_pass1__402__20.wav	CDS	365.7705206	158.5757178	613.6949203	138.7234926	455.1192025	0	1	0	1	0	0	0	0	0	9	FEMALE	amy	B06					
B-06_09_pass1__402__25.wav	CDS	269.9776684	101.3179638	658.096607	132.9704195	556.7786432	1	1	0	0	0	0	0	0	0	9	FEMALE	amy	B06					
B-06_09_pass1__402__30.wav	CDS	261.6428768	159.590504	347.2273182	42.42722931	187.6368142	0	0	0	0	0	0	0	0	1	9	FEMALE	amy	B06					
B-07_17_pass1__1217_1.wav	ADS	195.8486647	117.9367409	339.6041811	35.09405355	221.6674403	0	0	0	0	0	1	1	0	0	17	MALE	giselle	B07					
B-07_17_pass1__1217_19.wav	CDS	288.5354847	98.89951281	599.5740942	163.5219436	500.6745814	0	0	0	1	0	0	0	0	0	17	FEMALE	giselle	B07					
B-07_17_pass1__1217_2.wav	ADS	159.2215171	102.0096388	233.7040516	29.50771873	131.6944128	0	0	0	0	0	0	1	0	0	17	FEMALE	giselle	B07					
B-07_17_pass1__1217_20.wav	CDS	233.7322452	149.180652	432.6697468	80.96359228	283.4890947	0	0	0	1	0	0	0	0	0	17	FEMALE	giselle	B07					
B-07_17_pass1__1217_25.wav	CDS	285.3845668	139.4349464	603.6532544	168.6252405	464.2183081	0	0	0	0	0	0	0	0	1	17	FEMALE	giselle	B07					
B-07_17_pass1__1217_3.wav	ADS	134.6585823	89.96321821	272.9777735	36.04698509	183.0145553	0	0	0	0	0	0	1	0	0	17	MALE	giselle	B07					
B-07_17_pass1__1217_30.wav	CDS	165.6669633	102.3953793	238.3912904	36.09144635	135.9959111	0	0	0	0	0	0	0	0	0	17	FEMALE	giselle	B07					
B-07_17_pass1__1217_34.wav	CDS	204.6904579	98.43259204	312.1681641	54.2615042	213.735572	0	0	0	0	1	0	0	0	0	17	FEMALE	giselle	B07					
B-07_17_pass1__1217_37.wav	CDS	181.0540392	98.51562173	401.2674793	57.20209135	302.7518575	0	0	0	0	1	0	0	0	0	17	FEMALE	giselle	B07					
B-07_17_pass1__1217_41.wav	CDS	335.9149465	99.76306367	541.0477579	135.3483981	441.2846942	0	0	0	0	1	0	0	0	0	17	FEMALE	giselle	B07					
B-07_17_pass1__1217_42.wav	CDS	155.7551086	97.73576298	291.0880581	36.88078028	193.3522951	0	0	0	0	1	0	0	0	0	17	FEMALE	giselle	B07					
B-07_17_pass1__1217_44.wav	CDS	193.7091867	99.02354766	277.7411112	44.69728296	178.7175635	0	0	0	0	1	0	0	0	0	17	FEMALE	giselle	B07					
B-07_17_pass1__1217_45.wav	CDS	143.0656212	100.2993889	199.6536545	24.77948226	99.35426563	0	0	0	0	1	0	0	0	0	17	FEMALE	giselle	B07					
B-07_17_pass1__1217_46.wav	CDS	265.0509335	96.91034185	395.4024483	98.83835917	298.4921064	0	0	0	0	1	0	0	0	0	17	FEMALE	giselle	B07					
B-07_17_pass1__1217_47.wav	CDS	147.7044046	84.21255988	230.6237545	34.30366107	146.4111946	0	0	0	0	1	0	0	0	0	17	FEMALE	giselle	B07					
B-07_17_pass1__1217_48.wav	CDS	202.9218119	118.6397875	283.2615089	50.51929752	164.6217214	0	0	0	0	1	0	0	0	0	17	FEMALE	giselle	B07					
B-07_17_pass1__1217_49.wav	CDS	152.2932997	104.1160913	200.7081853	26.8115033	96.59209401	0	0	0	0	1	0	0	0	0	17	FEMALE	giselle	B07					
B-07_17_pass1__1217_5.wav	ADS	150.2244092	96.70605926	222.2908529	33.11800341	125.5847936	0	0	0	1	0	0	1	0	0	17	MALE	giselle	B07					
B-07_17_pass1__1217_50.wav	CDS	238.8531556	177.9410118	313.3154035	53.78110905	135.3743917	0	0	0	0	1	0	0	0	0	17	FEMALE	giselle	B07					
B-07_17_pass1__1217_51.wav	CDS	150.8108938	89.04481485	243.1867568	29.97583189	154.1419419	0	0	0	0	1	0	0	0	0	17	FEMALE	giselle	B07					
B-07_17_pass1__1217_61.wav	CDS	224.3772712	99.63024026	379.876439	58.82006568	280.2461988	1	0	0	1	1	0	0	0	0	17	FEMALE	giselle	B07					
B-07_17_pass1__1217_63.wav	ADS	141.9310788	104.4390262	242.3013699	35.72617121	137.8623438	0	0	0	0	0	0	1	0	0	17	MALE	giselle	B07					
B-07_17_pass1__1217_66.wav	CDS	220.4390502	96.09680352	422.1160048	44.93762725	326.0192013	0	0	0	1	1	0	0	0	0	17	FEMALE	giselle	B07					
B-07_17_pass1__1217_68.wav	CDS	183.712073	99.04805326	203.703481	27.09784359	104.6554278	0	0	0	1	1	0	0	0	0	17	FEMALE	giselle	B07					
B-07_17_pass1__1217_7.wav	ADS	161.6454103	116.6052541	230.030939	30.67350216	113.4256848	0	0	0	1	0	0	0	0	0	17	MALE	giselle	B07					
B-07_17_pass1__1217_70.wav	CDS	174.9198998	105.4586857	221.4983297	31.24240084	116.039644	0	0	0	1	1	0	0	0	0	17	FEMALE	giselle	B07					
B-07_17_pass1__1217_75.wav	CDS	172.7531454	99.2554922	268.5234776	38.09945545	169.2679854	0	0	0	0	1	0	0	0	0	17	FEMALE	giselle	B07					
B-07_17_pass1__1217_76.wav	CDS	233.8193929	125.1378971	344.0394839	56.13176085	218.9015868	0	0	0	0	1	0	0	0	0	17	FEMALE	giselle	B07					
B-07_17_pass1__1217_9.wav	ADS	181.8436104	98.31802199	391.9235793	42.00067937	293.6055573	1	0	0	1	0	0	0	0	0	17	MALE	giselle	B07					
B-08_11_pass1_913_1.wav	CDS	218.9367519	111.3564865	261.2129602	34.20850215	149.8564737	0	1	1	0	0	0	0	0	0	11	FEMALE	giselle	B08					
B-08_11_pass1_913_10.wav	CDS	267.7691258	175.5493818	304.062322	38.10247924	128.5129402	0	1	1	0	0	0	0	0	0	11	FEMALE	giselle	B08					
B-08_11_pass1_913_12.wav	CDS	217.0998092	78.38306079	302.5475785	54.79046091	224.1645178	0	1	1	0	0	0	0	0	0	11	FEMALE	giselle	B08					
B-08_11_pass1_913_9.wav	CDS	230.8423383	84.75724755	263.06387	61.37200871	178.3066225	0	1	1	0	0	0	0	0	0	11	FEMALE	giselle	B08					
B-08_11_pass1_913_5.wav	ADS	120.0465689	85.07416264	258.3055949	33.6419264	173.2314323	0	1	1	0	0	0	0	0	1	11	MALE	giselle	B08					
B-09_13_pass1_660_1.wav	CDS	235.7496905	139.0011278	375.0157545	34.70028284	236.0146267	0	0	0	1	0	1	0	0	0	13	FEMALE	giselle	B09					
B-09_13_pass1_660_3.wav	CDS	229.735111	132.867814	352.1335172	55.00693649	219.2657032	0	0	0	0	0	1	0	0	0	13	FEMALE	giselle	B09					
B-09_13_pass1_660_8.wav	CDS	202.7423499	159.2461028	251.4439186	20.0605316	92.1978158	1	0	0	0	0	1	0	0	0	13	FEMALE	giselle	B09					
B-10_12_pass1__841__1.wav	ADS	194.2817372	120.871896	272.1533199	33.38087884	151.2814239	0	0	0	1	0	0	0	0	0	12	MALE	amy	B10					
B-10_12_pass1__841__10.wav	CDS	172.4899821	110.7956273	279.0039359	51.72967972	168.2083087	0	0	0	0	0	0	1	0	0	12	FEMALE	amy	B10					
B-10_12_pass1__841__12.wav	CDS	199.396067	118.3328658	277.0345072	32.98898783	158.7016414	0	0	0	1	0	0	0	0	0	12	FEMALE	amy	B10					
B-10_12_pass1__841__16.wav	CDS	256.4840922	179.7536199	401.1061914	52.50781207	221.3525716	0	0	0	0	0	0	1	0	0	12	FEMALE	amy	B10					
B-10_12_pass1__841__21.wav	CDS	274.8381717	194.2538615	388.5933285	36.9360397	194.339467	0	0	0	1	0	0	1	0	0	12	FEMALE	amy	B10					
B-10_12_pass1__841__26.wav	CDS	225.9842868	99.33772313	393.1596176	57.26024314	293.8218944	0	0	0	1	0	1	0	0	0	12	FEMALE	amy	B10					
B-10_12_pass1__841__30.wav	CDS	215.6908732	113.6765924	383.7136602	53.47538316	270.0370678	1	0	0	0	0	0	1	0	0	12	FEMALE	amy	B10					
B-10_12_pass1__841__32.wav	CDS	237.143731	150.3216858	302.4511312	29.1496097	152.1294454	1	0	0	1	0	0	0	0	0	12	FEMALE	amy	B10					
B-10_12_pass1__841__4.wav	ADS	181.5461147	129.1452845	241.3061485	23.28726062	112.160864	1	0	0	0	0	0	0	0	0	12	MALE	amy	B10					
B-10_12_pass1__841__6.wav	CDS	249.0441446	155.0186459	529.2693711	98.69339742	374.2507251	0	0	0	0	0	0	1	0	0	12	FEMALE	amy	B10					
B-10_12_pass1__841__8.wav	CDS	276.680831	162.1041199	589.930468	133.62123	427.8263482	0	0	0	0	0	0	1	0	0	12	FEMALE	amy	B10					
B-11_17_pass1__117_1.wav	CDS	153.7836412	94.85343439	225.9557183	25.93006268	131.1022839	0	0	0	0	0	0	0	0	0	17	MALE	giselle	B11					
B-11_17_pass1__117_13.wav	CDS	149.5215807	105.9103272	378.0200102	53.18163186	272.109683	0	0	0	1	0	0	0	0	0	17	MALE	giselle	B11					
B-11_17_pass1__117_16.wav	CDS	171.7136947	113.3575615	256.2124441	31.69630905	142.8548826	0	0	0	0	0	0	0	0	0	17	MALE	giselle	B11					
B-11_17_pass1__117_23.wav	ADS	195.7541335	100.145725	447.2422225	63.81444101	347.0964976	0	0	0	0	0	0	0	0	0	17	MALE	giselle	B11					
B-11_17_pass1__117_25.wav	ADS	190.0113218	134.7059793	239.4359506	24.4331126	104.7299713	0	0	0	0	0	0	0	0	1	17	MALE	giselle	B11					
B-12_13_pass1__145_29.wav	CDS	198.7103693	126.2229258	235.8806515	20.62589484	109.6577256	0	0	0	0	0	0	0	1	0	13	FEMALE	giselle	B12					
B-12_13_pass1__145_31.wav	CDS	206.6419461	99.9934355	322.6085478	38.05052391	222.6151123	0	0	0	1	0	0	0	0	0	13	FEMALE	giselle	B12					
B-12_13_pass1__145_32.wav	CDS	238.2878856	191.5411263	309.4477745	26.82307733	117.9066483	0	0	0	0	0	0	0	0	0	13	FEMALE	giselle	B12					
B-12_13_pass1__145_33.wav	CDS	241.584561	210.1945661	265.3626533	14.00943182	55.16808717	0	0	0	0	0	0	0	0	0	13	FEMALE	giselle	B12					
B-12_13_pass1__145_35.wav	CDS	233.5266341	132.5660225	328.6124204	54.75946289	196.0463979	0	0	0	1	0	1	0	0	0	13	FEMALE	giselle	B12					
B-12_13_pass1__145_37.wav	CDS	205.5791153	118.4032619	324.0104164	52.36797458	205.6071546	0	0	0	1	0	1	0	0	0	13	FEMALE	giselle	B12					
B-13_10_pass1__34_1.wav	CDS	240.5994933	102.0903616	431.7419029	60.20761302	329.6515413	1	0	0	0	0	0	0	0	0	10	FEMALE	giselle	B13					
B-13_10_pass1__34_10.wav	CDS	233.6630054	180.6274764	312.5608102	27.05489713	131.9333338	0	0	0	1	0	0	0	0	0	10	FEMALE	giselle	B13					
B-13_10_pass1__34_14.wav	CDS	224.7230513	140.1524207	434.4466554	56.69506943	294.2942348	0	0	0	1	0	0	0	0	0	10	FEMALE	giselle	B13					
B-13_10_pass1__34_16.wav	CDS	181.5251518	160.135851	284.0809588	16.47543199	123.9451078	0	0	0	0	0	0	1	0	0	10	FEMALE	giselle	B13					
B-13_10_pass1__34_7.wav	CDS	244.4788269	197.1981433	297.4192705	30.42768499	100.2211273	0	0	0	1	0	0	0	0	0	10	FEMALE	giselle	B13					
B-13_10_pass1__34_8.wav	CDS	257.4399507	178.077464	359.6621811	48.82163528	181.5847171	0	0	0	1	0	0	0	0	0	10	FEMALE	giselle	B13					
B-13_10_pass1__34_9.wav	CDS	283.3573275	238.3749267	331.594633	21.27751107	93.21970628	0	0	0	1	0	0	0	0	0	10	FEMALE	giselle	B13					
B-14_13_pass1__1062_15.wav	CDS	170.022678	104.6403064	282.0689909	43.10533808	177.4286845	0	0	0	0	0	0	0	0	1	13	FEMALE	giselle	B14					
B-14_13_pass1__1062_3.wav	CDS	179.9264708	152.5762509	243.8600158	19.48626162	91.28376493	0	0	0	0	0	0	0	0	0	13	FEMALE	giselle	B14					
B-15_06_pass1__983_1.wav	ADS	137.0545908	98.15219382	261.3752092	29.49897448	163.2230154	0	0	0	1	0	0	0	0	0	6	MALE	giselle	B15					
B-15_06_pass1__983_12.wav	ADS	184.2661362	142.4190701	275.0884181	22.8723301	132.669348	0	0	0	1	0	0	1	0	0	6	FEMALE	giselle	B15					
B-15_06_pass1__983_14.wav	ADS	154.7825178	99.53790617	225.6665004	31.68303416	126.1285943	1	0	0	0	0	0	0	0	0	6	MALE	giselle	B15					
B-15_06_pass1__983_16.wav	ADS	134.1551249	99.21121337	239.2666466	23.72578086	140.0554333	0	0	0	1	0	0	0	0	0	6	MALE	giselle	B15					
B-15_06_pass1__983_18.wav	ADS	163.5455229	96.67850709	295.1454412	50.46429938	198.4669341	0	0	0	1	0	0	0	0	0	6	MALE	giselle	B15					
B-15_06_pass1__983_20.wav	ADS	212.2530543	150.0821914	307.8889013	41.86168591	157.8067099	1	0	0	1	0	0	0	0	0	6	FEMALE	giselle	B15					
B-15_06_pass1__983_22.wav	ADS	236.6792566	184.2573096	365.0508181	42.15811328	180.7935084	0	0	0	0	0	0	0	0	0	6	FEMALE	giselle	B15					
B-15_06_pass1__983_23.wav	CDS	127.0930879	96.00694548	182.2768918	21.63162203	86.26994628	0	0	0	0	0	0	0	0	0	6	MALE	giselle	B15					
B-15_06_pass1__983_25.wav	CDS	165.3070891	121.6895246	293.8120058	29.90686458	172.1224812	0	0	0	1	0	0	1	0	0	6	MALE	giselle	B15					
B-15_06_pass1__983_27.wav	CDS	177.3870783	121.837373	323.9462863	32.78490708	202.1089133	1	0	0	0	0	0	1	0	0	6	MALE	giselle	B15					
B-15_06_pass1__983_28.wav	CDS	196.4087982	160.1848696	277.466837	20.19294601	117.2819675	0	0	0	0	0	0	0	0	1	6	FEMALE	giselle	B15					
B-15_06_pass1__983_29.wav	CDS	146.9542892	99.37472131	227.4018402	29.6635408	128.0271189	0	0	0	1	0	1	0	0	0	6	MALE	giselle	B15					
B-15_06_pass1__983_3.wav	ADS	159.9690035	102.2665764	290.1979485	41.50433366	187.9313721	0	0	0	1	0	0	0	0	0	6	MALE	giselle	B15					
B-15_06_pass1__983_31.wav	CDS	133.9247798	90.7793398	315.7885568	40.57873349	225.009217	0	0	0	1	0	0	0	0	0	6	MALE	giselle	B15					
B-15_06_pass1__983_33.wav	CDS	190.882459	145.17579	271.2277998	21.1440152	126.0520098	0	0	0	0	0	0	0	0	0	6	FEMALE	giselle	B15					
B-15_06_pass1__983_4.wav	ADS	211.7686409	155.780182	361.1646883	34.9623969	205.3845063	0	0	0	1	0	0	0	0	0	6	FEMALE	giselle	B15					
B-15_06_pass1__983_7.wav	ADS	195.0271365	169.2153182	242.1502821	14.02208476	72.93496387	0	0	0	1	0	0	0	0	0	6	FEMALE	giselle	B15					
B-15_06_pass1__983_8.wav	ADS	181.7357974	146.6718717	222.3756659	17.05026213	75.70379422	0	0	0	1	0	0	0	0	0	6	FEMALE	giselle	B15					
B-15_06_pass1__983_9.wav	ADS	183.7478304	144.062147	261.4961781	17.63071887	117.4340311	0	0	0	1	0	0	0	0	0	6	FEMALE	giselle	B15					
B-16_16_pass1__458__1.wav	CDS	221.4607237	120.9048104	358.0437153	41.35620832	237.1389049	0	0	0	1	0	0	0	0	0	16	FEMALE	amy	B16					
B-16_16_pass1__458__11.wav	CDS	277.5486113	176.7887016	345.3185883	36.04395012	168.5298867	0	0	0	0	0	0	1	0	0	16	FEMALE	amy	B16					
B-16_16_pass1__458__13.wav	CDS	279.7290073	198.0167115	389.1546152	44.42799062	191.1379037	0	0	0	1	0	0	1	0	0	16	FEMALE	amy	B16					
B-16_16_pass1__458__3.wav	CDS	233.9249105	182.3350948	369.6947661	40.3120816	187.3596713	0	0	0	1	0	0	0	0	0	16	FEMALE	amy	B16					
B-16_16_pass1__458__9.wav	CDS	239.6267963	179.0567719	350.2804983	41.77794781	171.2237264	0	0	0	1	0	0	0	0	0	16	FEMALE	amy	B16					
B-17_16_pass1__41__15.wav	CDS	250.6343493	98.31618641	362.2138371	74.14004453	263.8976507	0	0	0	0	0	0	0	1	0	16	FEMALE	amy	B17					
B-17_16_pass1__41__16.wav	CDS	279.6421163	131.3263143	484.4496228	84.54049063	353.1233085	1	0	0	0	0	0	0	1	0	16	FEMALE	amy	B17					
B-17_16_pass1__41__19.wav	CDS	177.6314746	120.0308594	256.5978088	30.93190643	136.5669493	0	0	0	1	0	0	0	0	0	16	FEMALE	amy	B17					
B-17_16_pass1__41__21.wav	CDS	189.747083	139.7394217	286.2086201	38.7310956	146.4691984	1	0	0	0	0	0	1	0	0	16	FEMALE	amy	B17					
B-17_16_pass1__41__25.wav	CDS	155.6242714	120.3390076	263.7795058	30.89246476	143.4404982	0	0	0	1	0	0	0	0	0	16	FEMALE	amy	B17					
B-17_16_pass1__41__28.wav	CDS	189.5648906	140.1106806	380.4830733	55.56288047	240.3723927	0	0	0	0	0	0	1	0	0	16	FEMALE	amy	B17					
B-17_16_pass1__41__32.wav	CDS	187.6173332	133.020325	324.0967982	38.91592228	191.0764733	0	0	0	0	0	1	0	0	0	16	FEMALE	amy	B17					
B-17_16_pass1__41__34.wav	CDS	195.2830542	104.6255489	346.7251106	57.40656003	242.0995617	0	0	0	1	0	0	1	0	0	16	FEMALE	amy	B17					
B-17_16_pass1__41__38.wav	CDS	162.6270691	132.0461712	219.9992441	17.97486504	87.95307296	0	0	0	0	0	0	1	0	0	16	FEMALE	amy	B17					
B-17_16_pass1__41__43.wav	CDS	232.4632823	120	402.1449973	63.33262346	282.1449973	0	0	0	1	0	0	1	0	0	16	FEMALE	amy	B17					
B-17_16_pass1__41__45.wav	CDS	198.8352694	159.0044579	354.1435321	45.34206685	195.1390742	0	0	0	0	0	0	1	0	0	16	FEMALE	amy	B17					
B-17_16_pass1__41__50.wav	CDS	240.4132131	118.7897036	571.2022526	100.8048827	452.412549	0	0	0	1	0	1	0	0	0	16	FEMALE	amy	B17					
B-18_10_pass1__1429__25.wav	CDS	289.5968361	135.8705663	605.8313324	99.16046743	469.9607661	0	0	0	1	0	0	0	0	0	10	FEMALE	amy	B18					
B-18_10_pass1__1429__31.wav	CDS	304.2787008	238.1544613	386.8685633	52.06410109	148.7141019	1	0	0	0	0	0	0	0	0	10	FEMALE	amy	B18					
B-18_10_pass1__1429__8.wav	CDS	209.4380777	159.9848209	291.8401801	23.30443541	131.8553591	0	0	0	0	0	0	0	1	0	10	NA	amy	B18					
B-19_12_pass1__623__11.wav	ADS	141.282051	101.472203	180.0998811	23.58060693	78.6276781	0	0	0	0	0	0	1	0	0	12	MALE	amy	B19					
B-19_12_pass1__623__13.wav	CDS	144.3874282	129.7719598	177.131265	8.789235754	47.35930519	0	0	0	0	0	0	1	0	0	12	MALE	amy	B19					
B-19_12_pass1__623__17.wav	CDS	182.2666758	128.7469565	256.6181976	26.49899897	127.8712411	0	0	0	0	0	0	1	0	0	12	MALE	amy	B19					
B-19_12_pass1__623__19.wav	CDS	178.7366587	119.1678386	250.2595044	25.79569695	131.0916658	1	0	0	0	0	0	1	0	0	12	MALE	amy	B19					
B-19_12_pass1__623__4.wav	ADS	139.2125068	99.82954459	198.2815045	21.68497885	98.45195994	0	0	0	1	0	0	0	0	0	12	MALE	amy	B19					
B-19_12_pass1__623__6.wav	ADS	183.9314398	137.6250186	252.9535914	18.50340839	115.3285728	0	0	0	1	0	0	1	0	0	12	MALE	amy	B19					
B-19_12_pass1__623__7.wav	ADS	201.1144762	161.8754396	261.7634535	16.58046144	99.88801386	0	0	0	0	0	0	1	0	0	12	MALE	amy	B19					
B-19_12_pass1__623__8.wav	ADS	183.8945408	153.2371907	259.4148179	25.39869937	106.1776272	0	0	0	0	0	0	1	0	0	12	MALE	amy	B19					
B-20_16_pass1__955__11.wav	ADS	214.1812375	116.9130681	281.233432	26.74290064	164.3203639	0	0	0	1	0	0	0	0	0	16	FEMALE	amy	B20					
B-20_16_pass1__955__13.wav	ADS	224.0147196	132.4960924	362.9192112	59.32186073	230.4231189	0	0	0	0	0	0	1	0	0	16	MALE	amy	B20					
B-20_16_pass1__955__15.wav	ADS	289.148465	157.6629297	404.5874328	64.96319587	246.9245031	0	0	0	1	0	0	0	1	0	16	MALE	amy	B20					
B-20_16_pass1__955__20.wav	ADS	168.6766142	115.1572914	261.471311	26.66627219	146.3140196	0	0	0	1	0	0	0	0	0	16	MALE	amy	B20					
B-20_16_pass1__955__25.wav	ADS	151.428624	116.1312021	220.8719984	23.60619153	104.7407963	0	0	0	1	0	0	0	0	0	16	MALE	amy	B20					
B-20_16_pass1__955__9.wav	ADS	189.2081637	113.5955773	234.2459556	24.13935132	120.6503784	0	0	0	0	0	0	0	0	1	16	MALE	amy	B20					
B-21_06_pass1__1057_1.wav	ADS	160.725469	125.5320803	294.2296594	24.28652577	168.6975791	0	0	0	0	0	0	1	0	0	6	FEMALE	giselle	B21					
B-21_06_pass1__1057_10.wav	ADS	143.0724792	97.63560305	361.1312813	38.39621163	263.4956783	0	0	0	0	0	0	0	0	1	6	MALE	giselle	B21					
B-21_06_pass1__1057_12.wav	ADS	128.2481358	88.4500071	220.1773862	22.81850312	131.7273791	0	0	0	1	0	0	0	0	0	6	MALE	giselle	B21					
B-21_06_pass1__1057_14.wav	ADS	138.1625564	98.6245644	225.7160803	17.62703102	127.0915159	1	0	0	0	0	0	1	0	1	6	FEMALE	giselle	B21					
B-21_06_pass1__1057_16.wav	ADS	149.6364201	104.6808658	213.4050757	23.19401397	108.72421	0	0	0	0	0	0	0	0	0	6	FEMALE	giselle	B21					
B-21_06_pass1__1057_17.wav	ADS	134.3616294	89.48454522	257.6966004	28.15124483	168.2120551	1	0	0	1	0	0	0	0	0	6	MALE	giselle	B21					
B-21_06_pass1__1057_19.wav	ADS	137.940515	87.00942234	249.5117617	30.05973994	162.5023393	1	0	0	1	0	0	0	0	0	6	MALE	giselle	B21					
B-21_06_pass1__1057_21.wav	ADS	136.2450778	90.79628074	220.084957	22.80165794	129.2886762	1	0	0	1	0	0	0	0	0	6	MALE	giselle	B21					
B-21_06_pass1__1057_23.wav	ADS	277.0812969	140.1051222	439.4713955	68.84617495	299.3662732	1	0	0	0	0	0	0	0	0	6	FEMALE	giselle	B21					
B-21_06_pass1__1057_26.wav	ADS	161.9444039	116.4132875	316.7623717	45.04197187	200.3490843	0	0	0	1	0	1	0	0	0	6	MALE	giselle	B21					
B-21_06_pass1__1057_4.wav	ADS	144.6833699	99.88782891	254.859449	32.16942867	154.9716201	0	0	0	1	0	0	0	0	1	6	MALE	giselle	B21					
B-21_06_pass1__1057_6.wav	ADS	165.4499236	105.3518723	306.7487956	34.20919707	201.3969233	0	0	0	1	0	0	0	0	1	6	MALE	giselle	B21					
B-21_06_pass1__1057_8.wav	ADS	139.875545	105.685042	206.8437451	17.26771126	101.1587031	1	0	0	0	0	0	0	0	0	6	MALE	giselle	B21					
B-22_16_pass1__186_5.wav	CDS	325.7182421	235.220749	487.2282178	89.94844238	252.0074687	0	0	0	1	0	0	0	0	0	16	FEMALE	giselle	B22					
B-22_16_pass1__186_7.wav	CDS	206.0469746	170.9148589	302.5070359	22.7105666	131.592177	0	0	0	0	0	1	1	0	0	16	FEMALE	giselle	B22					
B-23_08_pass1__1377__1.wav	CDS	151.856743	103.6350037	236.9860078	22.3722608	133.3510041	0	0	0	0	0	0	0	1	0	8	FEMALE	amy	B23					
B-23_08_pass1__1377__12.wav	ADS	222.1135786	119.3184474	457.9741108	71.36438935	338.6556635	0	0	0	1	0	0	0	0	0	8	FEMALE	amy	B23					
B-23_08_pass1__1377__13.wav	ADS	113.4750683	97.42429965	136.9127571	11.51216661	39.48845743	0	0	0	1	0	0	0	0	0	8	MALE	amy	B23					
B-23_08_pass1__1377__2.wav	CDS	174.9252606	116.5393203	273.4517836	39.91049667	156.9124633	0	0	0	0	0	1	0	0	0	8	FEMALE	amy	B23					
B-23_08_pass1__1377__4.wav	ADS	127.5116812	100.9578839	188.4970315	15.74701425	87.53914763	0	0	0	0	0	0	1	0	0	8	MALE	amy	B23					
B-23_08_pass1__1377__6.wav	ADS	139.7348142	116.7431223	193.6476495	16.63795627	76.90452712	0	0	0	0	0	0	1	0	0	8	MALE	amy	B23					
B-23_08_pass1__1377__8.wav	ADS	125.1015611	98.99649376	257.8938142	27.39659331	158.8973204	1	0	0	0	0	0	1	0	0	8	MALE	amy	B23					
B-25_15_pass1__189__12.wav	CDS	275.298348	192.2600763	360.4061239	47.49270563	168.1460476	0	0	0	0	0	0	0	0	1	15	FEMALE	amy	B25					
B-25_15_pass1__189__9.wav	CDS	270.0207805	171.1497362	379.5288926	77.88580535	208.3791564	0	0	0	1	0	0	0	0	0	15	FEMALE	amy	B25					
B-26_11_pass1__845__1.wav	CDS	216.1722746	148.6217303	302.0778706	33.06512574	153.4561403	0	0	1	0	0	0	0	0	0	11	FEMALE	amy	B26					
B-26_11_pass1__845__20.wav	CDS	270.4385019	227.1751189	338.1785664	19.76718911	111.0034475	0	0	0	0	0	1	1	0	0	11	FEMALE	amy	B26					
B-26_11_pass1__845__27.wav	CDS	229.8334501	127.0808172	313.0478327	56.33499032	185.9670155	1	0	0	0	0	0	0	0	0	11	FEMALE	amy	B26					
B-26_11_pass1__845__3.wav	CDS	201.2172453	90.99359287	333.4887741	52.34805464	242.4951813	0	0	1	0	0	0	0	0	0	11	FEMALE	amy	B26					
B-26_11_pass1__845__32.wav	CDS	283.5001872	164.1499566	389.055727	61.20717751	224.9057704	0	0	0	1	0	1	0	0	0	11	FEMALE	amy	B26					
B-26_11_pass1__845__38.wav	CDS	218.0286956	160.2870927	280.1139145	27.80523407	119.8268218	0	0	0	0	0	1	0	0	0	11	FEMALE	amy	B26					
B-26_11_pass1__845__42.wav	CDS	243.7840341	156.4783306	342.8282083	45.62023442	186.3498777	0	0	0	1	0	1	0	0	0	11	FEMALE	amy	B26					
B-26_11_pass1__845__45.wav	CDS	227.8069594	132.9444554	383.8425868	47.18197364	250.8981314	1	0	0	1	0	1	1	0	0	11	FEMALE	amy	B26					
B-26_11_pass1__845__51.wav	CDS	205.9137944	102.7114672	312.7767963	48.54978136	210.0653291	0	0	1	0	0	0	0	0	0	11	FEMALE	amy	B26					
B-26_11_pass1__845__53.wav	CDS	233.6085185	156.4545395	340.7387439	35.86449657	184.2842044	0	0	1	0	0	0	0	0	0	11	FEMALE	amy	B26					
B-26_11_pass1__845__55.wav	CDS	202.0193196	154.2166736	259.1694229	27.24876068	104.9527493	0	0	1	0	0	0	0	0	0	11	FEMALE	amy	B26					
B-26_11_pass1__845__57.wav	CDS	218.1622201	145.1554313	310.6012774	41.68208085	165.4458461	0	0	1	0	0	0	0	0	0	11	FEMALE	amy	B26					
B-26_11_pass1__845__61.wav	CDS	256.2806234	224.343516	322.213442	22.99028395	97.86992598	0	0	1	0	0	0	0	0	0	11	FEMALE	amy	B26					
B-26_11_pass1__845__64.wav	CDS	212.5979132	124.817069	302.4593782	32.70990317	177.6423093	0	0	1	0	0	0	0	0	0	11	FEMALE	amy	B26					
B-27_14_pass1__441_16.wav	CDS	300.5796949	117.0187313	406.3800957	72.80272811	289.3613645	0	0	0	0	0	0	1	0	0	14	FEMALE	giselle	B27					
B-27_14_pass1__441_7.wav	CDS	331.0254284	202.7330529	437.1275669	49.56879031	234.394514	0	0	0	0	0	0	1	0	0	14	FEMALE	giselle	B27					
B-28_10_pass1__881_11.wav	ADS	178.5298198	109.5030093	260.1258803	33.33071573	150.622871	0	0	0	0	0	0	0	0	1	10	FEMALE	giselle	B28					
B-28_10_pass1__881_3.wav	ADS	190.5653895	114.912127	289.7964954	43.21034572	174.8843684	0	0	0	0	0	0	0	0	1	10	FEMALE	giselle	B28					
B-28_10_pass1__881_5.wav	ADS	184.5333553	118.1083485	310.2372185	22.14058244	192.12887	0	0	0	0	0	0	0	0	1	10	FEMALE	giselle	B28					
B-29_13_pass1__154_19.wav	CDS	358.1421793	110.5211141	554.011643	113.2371871	443.4905289	0	0	0	1	0	0	0	0	0	13	FEMALE	giselle	B29					
B-29_13_pass1__154_21.wav	CDS	271.7830072	224.3050705	316.4406292	18.14309526	92.13555869	0	0	0	1	0	0	0	0	0	13	FEMALE	giselle	B29					
B-29_13_pass1__154_24.wav	CDS	262.009359	199.4032374	345.4959706	26.40904338	146.0927332	0	0	0	1	0	0	0	0	0	13	FEMALE	giselle	B29					
B-29_13_pass1__154_30.wav	CDS	250.43988	178.2737539	421.9037727	58.21131669	243.6300188	0	0	0	0	0	0	1	0	0	13	FEMALE	giselle	B29					
B-29_13_pass1__154_32.wav	CDS	220.5640457	177.2919819	259.871912	16.75528511	82.57993005	0	0	0	0	0	0	1	0	0	13	FEMALE	giselle	B29					
B-29_13_pass1__154_46.wav	CDS	198.911939	97.65013546	265.2853728	47.58693083	167.6352374	0	0	1	0	0	0	0	0	0	13	FEMALE	giselle	B29					
B-29_13_pass1__154_48.wav	CDS	200.8577836	158.3580388	256.5396798	25.53650397	98.18164098	0	0	0	0	0	0	0	0	1	13	FEMALE	giselle	B29					
B-29_13_pass1__154_6.wav	CDS	285.545783	237.4952252	329.1529177	27.43012469	91.65769245	0	0	0	1	0	0	0	0	0	13	FEMALE	giselle	B29					
B-29_13_pass1__154_7.wav	CDS	278.671553	208.2777054	347.0729588	51.51803996	138.7952534	0	0	0	1	0	0	0	0	0	13	FEMALE	giselle	B29					
B-29_13_pass1__154_8.wav	CDS	230.3967099	204.61441	320.9464114	23.37585605	116.3320014	0	0	0	1	0	0	0	0	0	13	FEMALE	giselle	B29					
B-30_14_pass1__471_1.wav	CDS	197.1383254	170.1005408	265.395246	21.3201096	95.29470515	0	0	0	1	0	0	0	0	0	14	FEMALE	giselle	B30					
B-30_14_pass1__471_10.wav	CDS	174.4939083	120	218.8310498	18.85685023	98.83104979	0	0	0	0	1	0	0	0	0	14	FEMALE	giselle	B30					
B-30_14_pass1__471_100.wav	CDS	252.491101	183.1541056	390.2954791	69.33271261	207.1413735	0	0	0	1	0	1	0	0	0	14	FEMALE	giselle	B30					
B-30_14_pass1__471_104.wav	CDS	255.5841181	216.1164307	302.8841664	24.40409453	86.76773572	0	0	0	1	0	0	0	0	0	14	FEMALE	giselle	B30					
B-30_14_pass1__471_108.wav	CDS	259.3706374	181.4105729	317.2587823	31.64543434	135.8482094	0	0	0	0	0	0	0	0	0	14	FEMALE	giselle	B30					
B-30_14_pass1__471_110.wav	CDS	388.1266545	273.0546317	576.6816526	90.24363572	303.6270209	0	0	0	0	1	0	0	0	0	14	FEMALE	giselle	B30					
B-30_14_pass1__471_115.wav	CDS	309.0003471	279.2165834	416.2120295	25.51996404	136.9954461	0	0	0	1	0	0	1	0	0	14	FEMALE	giselle	B30					
B-30_14_pass1__471_117.wav	CDS	272.2986367	200.4010129	446.5746956	43.23059094	246.1736827	0	0	0	0	0	0	1	0	0	14	FEMALE	giselle	B30					
B-30_14_pass1__471_12.wav	CDS	209.9029801	108.4104293	457.1663735	46.63614713	348.7559442	0	0	0	1	1	1	1	0	0	14	FEMALE	giselle	B30					
B-30_14_pass1__471_120.wav	CDS	258.1358534	193.9207972	516.6492159	62.44147378	322.7284187	0	0	0	0	0	0	1	0	0	14	FEMALE	giselle	B30					
B-30_14_pass1__471_122.wav	CDS	257.5328891	182.0097238	539.0761531	78.80391736	357.0664293	0	0	0	0	0	0	1	0	0	14	FEMALE	giselle	B30					
B-30_14_pass1__471_124.wav	CDS	350.3946453	239.3011006	467.4222147	77.61996412	228.1211141	0	0	0	0	0	0	1	0	0	14	FEMALE	giselle	B30					
B-30_14_pass1__471_131.wav	CDS	375.913733	323.154554	443.630255	30.88308278	120.475701	0	0	0	0	0	0	1	0	0	14	FEMALE	giselle	B30					
B-30_14_pass1__471_133.wav	CDS	203.5244223	137.2391107	261.5390933	31.75008935	124.2999826	0	0	0	0	0	0	0	0	0	14	FEMALE	giselle	B30					
B-30_14_pass1__471_135.wav	CDS	198.9518225	104.0970473	310.6857588	45.73531303	206.5887115	0	0	0	0	0	0	1	0	0	14	FEMALE	giselle	B30					
B-30_14_pass1__471_137.wav	CDS	211.4947358	105.1614104	287.1270073	41.00499349	181.965597	0	0	0	0	0	0	1	0	0	14	FEMALE	giselle	B30					
B-30_14_pass1__471_139.wav	CDS	243.19809	198.7505045	342.5680585	42.20848004	143.817554	0	0	0	1	0	1	0	0	0	14	FEMALE	giselle	B30					
B-30_14_pass1__471_14.wav	CDS	196.3632198	139.2097772	302.3437177	31.41779789	163.1339405	0	0	0	1	1	1	0	0	0	14	FEMALE	giselle	B30					
B-30_14_pass1__471_141.wav	CDS	218.6021209	152.8798079	384.5092213	45.97029773	231.6294134	0	0	0	0	0	0	1	0	0	14	FEMALE	giselle	B30					
B-30_14_pass1__471_143.wav	CDS	210.2612817	178.6103514	307.3657436	33.98140267	128.7553921	0	0	0	0	0	0	1	0	0	14	FEMALE	giselle	B30					
B-30_14_pass1__471_146.wav	CDS	209.6209329	178.1326309	361.7787876	35.05892764	183.6461567	0	0	0	0	0	0	1	0	0	14	FEMALE	giselle	B30					
B-30_14_pass1__471_16.wav	CDS	236.7652548	167.8864108	341.1421161	47.59145013	173.2557053	0	0	0	0	1	0	0	0	0	14	FEMALE	giselle	B30					
B-30_14_pass1__471_18.wav	CDS	420.0715559	270.4151308	613.5790576	92.36867908	343.1639268	0	0	0	0	1	0	0	0	0	14	FEMALE	giselle	B30					
B-30_14_pass1__471_20.wav	CDS	300.1679412	161.7893401	543.4491992	70.34663419	381.6598591	0	0	0	0	1	0	0	0	0	14	FEMALE	giselle	B30					
B-30_14_pass1__471_23.wav	CDS	325.1680758	198.3335056	427.9807441	66.99760323	229.6472385	0	0	0	0	1	0	1	0	0	14	FEMALE	giselle	B30					
B-30_14_pass1__471_26.wav	CDS	330.7054473	258.9111554	455.9460163	57.64763175	197.0348609	1	0	0	1	1	0	0	0	0	14	FEMALE	giselle	B30					
B-30_14_pass1__471_30.wav	CDS	363.2656845	344.8609581	411.036021	19.0263604	66.17506285	1	0	0	1	1	0	0	0	0	14	FEMALE	giselle	B30					
B-30_14_pass1__471_32.wav	CDS	289.7978281	133.8274923	501.8128666	85.72942654	367.9853743	0	0	0	1	1	0	0	0	0	14	FEMALE	giselle	B30					
B-30_14_pass1__471_34.wav	CDS	301.8431533	159.9939146	473.0278285	77.13169941	313.033914	0	0	0	0	1	0	0	0	0	14	FEMALE	giselle	B30					
B-30_14_pass1__471_35.wav	CDS	250.1085437	233.6896499	313.4475024	26.56483441	79.75785251	0	0	0	0	0	0	0	0	0	14	FEMALE	giselle	B30					
B-30_14_pass1__471_36.wav	CDS	339.6379376	228.4087849	519.3006968	74.26256804	290.8919119	0	0	0	0	1	0	0	0	0	14	FEMALE	giselle	B30					
B-30_14_pass1__471_43.wav	CDS	275.9466303	235.4286363	320.6773925	16.28209528	85.24875622	0	0	0	0	0	0	1	0	0	14	FEMALE	giselle	B30					
B-30_14_pass1__471_47.wav	CDS	376.74726	297.134649	501.4768726	47.17651545	204.3422237	0	0	0	0	1	0	0	0	0	14	FEMALE	giselle	B30					
B-30_14_pass1__471_5.wav	CDS	390.9189024	259.4797813	552.0402283	74.67911036	292.560447	0	0	0	0	1	0	0	0	0	14	FEMALE	giselle	B30					
B-30_14_pass1__471_50.wav	CDS	396.7491285	301.63691	440.8646418	38.24816615	139.2277318	0	0	0	1	0	0	0	0	0	14	FEMALE	giselle	B30					
B-30_14_pass1__471_55.wav	CDS	298.7668206	192.5616312	532.3097368	62.62449115	339.7481056	0	0	0	0	1	0	0	0	0	14	FEMALE	giselle	B30					
B-30_14_pass1__471_58.wav	CDS	257.2339108	183.7111696	407.4718394	46.94133956	223.7606697	0	0	0	0	1	0	0	0	0	14	FEMALE	giselle	B30					
B-30_14_pass1__471_60.wav	CDS	425.9477137	334.69363	593.9278426	71.2699929	259.2342125	0	0	0	0	1	0	0	0	0	14	FEMALE	giselle	B30					
B-30_14_pass1__471_62.wav	CDS	220.1046744	149.5047142	393.7146684	55.51242396	244.2099542	0	0	0	0	1	0	1	0	0	14	FEMALE	giselle	B30					
B-30_14_pass1__471_73.wav	CDS	288.338142	237.7461952	331.2010975	30.53835811	93.45490226	0	0	0	0	1	0	0	0	0	14	FEMALE	giselle	B30					
B-30_14_pass1__471_77.wav	CDS	273.4928505	215.2746202	362.0855205	38.46768408	146.8109002	0	0	0	0	1	0	0	0	0	14	FEMALE	giselle	B30					
B-30_14_pass1__471_79.wav	CDS	268.0352664	155.4876988	412.9353515	74.79488907	257.4476527	0	0	0	0	1	0	0	0	0	14	FEMALE	giselle	B30					
B-30_14_pass1__471_8.wav	CDS	266.7479468	174.9151039	320.8627349	39.54149523	145.9476311	0	0	0	0	1	0	0	0	0	14	FEMALE	giselle	B30					
B-30_14_pass1__471_81.wav	CDS	312.5457685	229.228303	512.2530843	59.87643367	283.0247813	0	0	0	0	1	0	0	0	0	14	FEMALE	giselle	B30					
B-30_14_pass1__471_84.wav	CDS	383.2221206	357.5472627	398.0607796	10.86616735	40.51351685	0	0	0	0	1	0	0	0	0	14	FEMALE	giselle	B30					
B-30_14_pass1__471_88.wav	CDS	286.8518685	177.3301568	519.0624045	79.83606725	341.7322477	0	0	0	0	1	0	0	0	0	14	FEMALE	giselle	B30					
B-30_14_pass1__471_90.wav	CDS	245.8035175	146.5579399	356.4288157	58.35634064	209.8708758	0	0	0	0	1	0	1	0	0	14	FEMALE	giselle	B30					
B-30_14_pass1__471_92.wav	CDS	279.5479104	219.7260863	357.6344499	29.67844757	137.9083637	0	0	0	0	1	0	1	0	0	14	FEMALE	giselle	B30					
B-30_14_pass1__471_94.wav	CDS	274.8950202	225.5913571	463.786212	51.24062136	238.1948549	0	0	0	0	0	1	0	0	0	14	FEMALE	giselle	B30					
B-30_14_pass1__471_96.wav	CDS	318.332629	120.1032553	454.8203818	87.10805151	334.7171265	0	0	0	0	1	0	1	0	0	14	FEMALE	giselle	B30					
B-30_14_pass1__471_98.wav	CDS	278.2790839	196.3388045	414.3986653	57.26586213	218.0598608	0	0	0	0	0	0	1	0	0	14	FEMALE	giselle	B30					
B-30_14_pass1__471_99.wav	CDS	407.4303559	347.7341315	447.2916882	39.93713396	99.55755672	0	0	0	0	0	1	1	0	0	14	FEMALE	giselle	B30					
B-31_13_pass1__239__10.wav	CDS	193.4325428	117.6900094	323.6669407	61.47888035	205.9769314	0	0	0	1	0	0	0	0	0	13	MALE	amy	B31					
B-31_13_pass1__239__50.wav	CDS	278.0017345	193.291384	424.5082636	56.3928456	231.2168796	1	0	0	0	0	0	0	0	0	13	MALE	amy	B31					
B-32_07_pass1__472__1.wav	ADS	196.6834317	97.45006763	362.2854148	44.64899625	264.8353472	1	0	0	1	0	0	1	0	0	7	FEMALE	amy	B32					
B-32_07_pass1__472__11.wav	ADS	237.948085	172.967526	369.0721617	42.41179174	196.1046357	0	0	0	1	0	0	0	0	0	7	FEMALE	amy	B32					
B-32_07_pass1__472__14.wav	ADS	193.0031348	119.336001	420.4196614	49.59323089	301.0836604	1	0	0	1	0	0	1	0	0	7	FEMALE	amy	B32					
B-32_07_pass1__472__15.wav	ADS	195.8736481	147.1954767	302.7782245	43.08316339	155.5827477	1	0	0	1	0	0	1	0	0	7	FEMALE	amy	B32					
B-32_07_pass1__472__16.wav	ADS	166.2492838	138.8681277	234.5987933	18.24947375	95.73066564	0	0	0	1	0	0	0	0	0	7	FEMALE	amy	B32					
B-32_07_pass1__472__18.wav	ADS	191.727098	124.5919719	241.2684849	29.88228735	116.676513	0	0	0	1	0	0	0	0	0	7	FEMALE	amy	B32					
B-32_07_pass1__472__20.wav	ADS	197.0800369	116.6652272	271.6667036	26.82591532	155.0014764	0	0	0	1	0	0	0	0	0	7	FEMALE	amy	B32					
B-32_07_pass1__472__21.wav	ADS	193.1777053	150.0938485	350.5485978	52.99480151	200.4547493	0	0	0	1	0	0	0	0	0	7	FEMALE	amy	B32					
B-32_07_pass1__472__22.wav	ADS	162.6208503	150.7630128	221.0468416	11.12764979	70.28382875	0	0	0	1	0	0	0	0	0	7	FEMALE	amy	B32					
B-32_07_pass1__472__24.wav	ADS	201.5680896	145.4344316	242.9936176	19.5982598	97.55918601	0	0	0	1	0	0	0	0	0	7	FEMALE	amy	B32					
B-32_07_pass1__472__25.wav	ADS	183.9583691	135.8858057	381.697885	57.00260884	245.8120793	0	0	0	1	0	0	0	0	0	7	FEMALE	amy	B32					
B-32_07_pass1__472__27.wav	ADS	230.8920045	160.6568571	352.1137306	57.591176	191.4568735	1	0	0	1	0	0	0	0	0	7	FEMALE	amy	B32					
B-32_07_pass1__472__28.wav	ADS	197.403278	128.4367646	388.5141844	57.99178168	260.0774197	0	0	0	1	0	0	0	0	0	7	FEMALE	amy	B32					
B-32_07_pass1__472__29.wav	ADS	197.5782472	115.3141484	425.5467035	56.62503813	310.2325551	0	0	0	1	0	0	0	0	0	7	FEMALE	amy	B32					
B-32_07_pass1__472__3.wav	ADS	185.2301571	138.9921623	334.8452793	32.72810542	195.8531169	0	0	0	1	0	0	0	0	0	7	FEMALE	amy	B32					
B-32_07_pass1__472__30.wav	ADS	151.7155564	138.8024401	181.4343687	12.57298914	42.63192861	0	0	0	1	0	0	0	0	0	7	FEMALE	amy	B32					
B-32_07_pass1__472__31.wav	ADS	188.719908	111.1457279	321.8739849	55.69103682	210.7282571	0	0	0	1	0	0	0	0	0	7	FEMALE	amy	B32					
B-32_07_pass1__472__33.wav	ADS	191.1229736	138.612309	342.5317678	38.21033909	203.9194588	0	0	0	1	0	0	0	0	0	7	FEMALE	amy	B32					
B-32_07_pass1__472__35.wav	ADS	232.1904253	174.5849799	289.241835	25.72512785	114.656855	0	0	0	1	0	0	0	0	0	7	NA	amy	B32					
B-32_07_pass1__472__37.wav	ADS	217.1820007	167.0562364	298.0535482	32.65664514	130.9973119	0	0	0	1	0	0	0	0	0	7	FEMALE	amy	B32					
B-32_07_pass1__472__39.wav	ADS	197.0262688	134.8840254	275.0682481	30.69368029	140.1842227	1	0	0	1	0	0	1	0	0	7	FEMALE	amy	B32					
B-32_07_pass1__472__40.wav	ADS	171.7695397	129.2405136	246.5166305	23.45840821	117.2761169	0	0	0	1	0	0	0	0	0	7	FEMALE	amy	B32					
B-32_07_pass1__472__42.wav	ADS	236.3196813	152.9115672	413.3929814	57.97560112	260.4814142	0	0	0	1	0	0	0	0	0	7	FEMALE	amy	B32					
B-32_07_pass1__472__44.wav	ADS	203.3732091	147.2635963	235.6508712	18.52500479	88.38727484	0	0	0	1	0	0	0	0	0	7	FEMALE	amy	B32					
B-32_07_pass1__472__46.wav	ADS	187.1787837	165.7356535	247.5773523	20.40198232	81.8416988	1	0	0	1	0	0	1	0	0	7	FEMALE	amy	B32					
B-32_07_pass1__472__48.wav	ADS	202.1461253	178.1152926	284.8949542	23.20532228	106.7796617	0	0	0	1	0	0	0	0	0	7	FEMALE	amy	B32					
B-32_07_pass1__472__5.wav	ADS	190.8816793	140.3881658	579.5182247	80.95903842	439.1300589	0	0	0	1	0	0	0	0	0	7	FEMALE	amy	B32					
B-32_07_pass1__472__50.wav	ADS	192.0268871	138.5982115	251.9309198	21.715265	113.3327083	0	0	0	1	0	0	0	0	0	7	FEMALE	amy	B32					
B-32_07_pass1__472__52.wav	ADS	179.3480755	140.1077923	236.2228976	24.88946972	96.11510522	0	0	0	1	0	0	0	0	0	7	FEMALE	amy	B32					
B-32_07_pass1__472__54.wav	ADS	210.9225073	128.383911	537.9462979	103.2170968	409.5623869	0	0	0	1	0	0	0	0	0	7	FEMALE	amy	B32					
B-32_07_pass1__472__56.wav	ADS	150.1352604	139.3152443	186.638519	15.12114501	47.32327466	0	0	0	1	0	0	0	0	0	7	FEMALE	amy	B32					
B-32_07_pass1__472__58.wav	ADS	198.3828784	158.6954773	282.8592944	29.66286367	124.1638171	0	0	0	1	0	0	0	0	0	7	FEMALE	amy	B32					
B-32_07_pass1__472__59.wav	ADS	146.8509089	133.023422	201.4788271	13.9360561	68.45540507	0	0	0	1	0	0	0	0	0	7	FEMALE	amy	B32					
B-32_07_pass1__472__60.wav	ADS	187.2870129	136.9801772	317.0143765	37.29769726	180.0341993	0	0	0	1	0	0	0	0	0	7	FEMALE	amy	B32					
B-32_07_pass1__472__62.wav	ADS	171.3453071	160.0528716	199.0554422	11.40086742	39.00257058	1	0	0	1	0	0	1	0	0	7	FEMALE	amy	B32					
B-32_07_pass1__472__7.wav	ADS	178.3917922	152.629503	258.7428985	20.63343705	106.1133955	1	0	0	1	0	0	1	0	0	7	FEMALE	amy	B32					
B-32_07_pass1__472__8.wav	ADS	269.4766172	176.13392	488.8578976	83.63508666	312.7239776	0	0	0	1	0	0	0	0	0	7	FEMALE	amy	B32					
B-32_07_pass1__472__9.wav	ADS	230.3137695	145.6828726	352.2780903	39.31297746	206.5952176	0	0	0	1	0	0	1	0	0	7	FEMALE	amy	B32					
B-33_15_pass1__840__10.wav	CDS	236.7367576	189.6003269	281.5590987	19.41762447	91.95877171	0	0	0	1	0	0	0	0	0	15	FEMALE	amy	B33					
B-33_15_pass1__840__20.wav	CDS	329.6685069	163.9952802	621.7891231	116.2071459	457.793843	1	0	0	0	0	0	1	0	0	15	FEMALE	amy	B33					
B-33_15_pass1__840__23.wav	CDS	187.9752585	111.8584382	440.1812403	81.76098137	328.3228021	1	0	0	1	0	0	0	0	0	15	FEMALE	amy	B33					
B-33_15_pass1__840__27.wav	CDS	224.0043886	178.0110963	418.2117192	54.64977318	240.2006229	0	0	0	1	0	0	0	0	0	15	FEMALE	amy	B33					
B-33_15_pass1__840__7.wav	CDS	277.8159876	204.7208137	398.2703564	27.87121051	193.5495427	0	0	0	0	0	0	1	0	0	15	FEMALE	amy	B33					
B-33_15_pass1__840__9.wav	CDS	247.8205241	227.5243817	284.3555772	14.70515915	56.83119544	0	0	0	1	0	0	0	0	0	15	FEMALE	amy	B33					
B-34_17_pass1__507_1.wav	CDS	293.0171732	208.2660741	378.0805043	53.13083156	169.8144302	0	0	0	0	0	1	0	0	0	17	FEMALE	giselle	B34					
B-35_15_pass1__420__1.wav	CDS	198.7871381	120.5246422	306.8704575	39.72130643	186.3458153	0	0	0	0	0	0	1	0	0	15	MALE	amy	B35					
B-35_15_pass1__420__11.wav	CDS	197.5173074	141.8282793	268.3008014	31.85137446	126.4725221	0	0	0	0	0	0	1	0	0	15	MALE	amy	B35					
B-35_15_pass1__420__3.wav	CDS	169.9502093	88.49963999	270.8023828	60.68548333	182.3027428	1	0	0	0	0	0	0	0	0	15	NA	amy	B35					
B-35_15_pass1__420__4.wav	CDS	308.1551456	158.6790635	394.3394101	72.44134488	235.6603466	0	0	0	1	0	0	0	0	0	15	MALE	amy	B35					
B-35_15_pass1__420__6.wav	CDS	258.1520034	153.3391601	398.507762	71.29982601	245.168602	0	0	0	1	0	0	0	0	0	15	MALE	amy	B35					
B-35_15_pass1__420__7.wav	CDS	194.4734526	123.513937	336.9497468	57.78967818	213.4358098	1	0	0	0	0	1	0	0	0	15	MALE	amy	B35					
B-35_15_pass1__420__9.wav	CDS	149.0173672	116.0708907	237.733553	24.80811909	121.6626623	0	0	0	1	0	1	0	0	0	15	MALE	amy	B35					
B-36_07_pass1__462__1.wav	ADS	174.9590026	129.7355205	241.2706801	18.27716949	111.5351597	1	0	0	0	0	0	0	0	0	7	FEMALE	amy	B36					
B-36_07_pass1__462__10.wav	CDS	351.0137421	116.7334469	649.8944688	194.8918381	533.1610219	0	1	0	0	0	0	0	0	0	7	FEMALE	amy	B36					
B-36_07_pass1__462__11.wav	CDS	208.0037497	158.5340385	376.7645393	34.99389151	218.2305008	1	1	0	0	0	0	0	0	0	7	FEMALE	amy	B36					
B-36_07_pass1__462__17.wav	ADS	269.2988148	135.1883598	631.5931958	132.7223944	496.404836	0	0	0	1	0	0	1	0	0	7	FEMALE	amy	B36					
B-36_07_pass1__462__20.wav	ADS	188.8162595	145.1549061	269.8089413	29.03734497	124.6540352	0	0	0	1	0	0	0	0	0	7	FEMALE	amy	B36					
B-36_07_pass1__462__22.wav	ADS	287.5944623	138.7561409	428.5027482	78.73792447	289.7466074	1	0	0	1	0	0	0	0	0	7	FEMALE	amy	B36					
B-36_07_pass1__462__24.wav	ADS	197.9283853	127.3766003	292.3810645	24.07224295	165.0044642	1	0	0	0	0	0	0	0	1	7	FEMALE	amy	B36					
B-36_07_pass1__462__3.wav	ADS	179.8110753	142.2272964	345.9496419	34.79838931	203.7223456	0	0	0	1	0	0	0	0	0	7	FEMALE	amy	B36					
B-36_07_pass1__462__32.wav	ADS	190.3189031	149.2591882	273.0491257	20.56851621	123.7899376	1	0	0	1	0	0	0	0	0	7	FEMALE	amy	B36					
B-36_07_pass1__462__33.wav	ADS	258.1438575	110.5654162	594.6375152	152.0382894	484.072099	1	0	0	0	0	0	0	0	1	7	FEMALE	amy	B36					
B-36_07_pass1__462__38.wav	ADS	182.4033509	130.425335	257.6040682	28.33769475	127.1787332	0	0	0	1	0	0	0	0	0	7	FEMALE	amy	B36					
B-36_07_pass1__462__41.wav	ADS	168.8145325	114.7729571	200.6283733	16.26880094	85.85541619	0	0	0	1	0	0	0	0	0	7	FEMALE	amy	B36					
B-36_07_pass1__462__5.wav	ADS	217.6762557	118.6617482	343.158033	34.53860156	224.4962847	1	0	0	1	0	0	1	0	0	7	FEMALE	amy	B36					
B-37_06_pass1__684__1.wav	ADS	181.6415231	134.7053196	276.3173363	40.44693139	141.6120166	0	0	0	1	0	0	0	0	0	6	FEMALE	amy	B37					
B-37_06_pass1__684__10.wav	ADS	218.3753412	165.3492168	295.1401595	26.6893649	129.7909427	0	0	0	1	0	0	0	0	0	6	FEMALE	amy	B37					
B-37_06_pass1__684__11.wav	ADS	196.6893562	123.7284435	594.2027881	77.18913674	470.4743445	1	0	0	1	0	0	0	0	0	6	FEMALE	amy	B37					
B-37_06_pass1__684__12.wav	ADS	209.502576	156.5509436	284.9401878	37.29974564	128.3892442	1	0	0	1	0	0	0	0	0	6	FEMALE	amy	B37					
B-37_06_pass1__684__13.wav	ADS	175.1817173	119.163749	259.9485618	22.66448997	140.7848128	1	0	0	1	0	0	0	0	1	6	FEMALE	amy	B37					
B-37_06_pass1__684__15.wav	ADS	181.0259085	139.7477426	274.5772821	31.26503975	134.8295395	1	0	0	0	0	0	0	0	0	6	FEMALE	amy	B37					
B-37_06_pass1__684__2.wav	ADS	188.9490121	140.4863427	322.5895004	41.61015259	182.1031576	0	0	0	1	0	0	0	0	0	6	FEMALE	amy	B37					
B-37_06_pass1__684__3.wav	ADS	187.169613	146.6532205	254.1066913	20.45673706	107.4534708	0	0	0	1	0	0	0	0	0	6	FEMALE	amy	B37					
B-37_06_pass1__684__4.wav	ADS	204.6955225	125.7119674	399.8424969	46.54892529	274.1305295	1	0	0	1	0	0	0	0	0	6	FEMALE	amy	B37					
B-37_06_pass1__684__5.wav	ADS	220.9488706	144.9017025	366.2729802	48.45776765	221.3712778	0	1	0	1	0	0	0	0	0	6	FEMALE	amy	B37					
B-37_06_pass1__684__6.wav	ADS	167.0217693	133.8859795	225.6931004	23.37694571	91.80712093	0	0	0	1	0	0	0	0	0	6	FEMALE	amy	B37					
B-37_06_pass1__684__7.wav	ADS	217.4701212	166.9638338	332.4990772	33.72454412	165.5352434	1	0	0	1	0	0	0	0	0	6	FEMALE	amy	B37					
B-37_06_pass1__684__8.wav	ADS	188.4054319	128.4309298	335.1089488	44.82501299	206.678019	0	0	0	1	0	0	0	0	0	6	FEMALE	amy	B37					
B-38_12_pass1__352__13.wav	CDS	234.6515971	143.2130661	376.5360065	41.47031486	233.3229405	0	0	0	1	0	1	0	0	0	12	FEMALE	amy	B38					
B-38_12_pass1__352__4.wav	CDS	256.1613568	141.7908574	366.1375769	59.03873543	224.3467195	0	0	0	0	0	0	0	1	0	12	FEMALE	amy	B38					
B-38_12_pass1__352__6.wav	CDS	221.5194065	155.7388437	362.2819218	38.41001525	206.5430781	0	0	0	1	0	1	0	0	0	12	FEMALE	amy	B38					
B-39_10_pass1__1097_1.wav	ADS	212.1887913	173.5189045	340.5609803	34.69550095	167.0420758	1	0	0	0	0	0	0	0	0	10	FEMALE	giselle	B39					
B-39_10_pass1__1097_10.wav	ADS	188.0426882	107.1110143	234.233366	24.70115852	127.1223517	0	0	0	0	0	0	0	0	1	10	FEMALE	giselle	B39					
B-39_10_pass1__1097_16.wav	ADS	198.9356291	161.1541898	260.1351904	24.16721848	98.98100058	0	0	0	1	0	0	0	0	0	10	FEMALE	giselle	B39					
B-39_10_pass1__1097_21.wav	ADS	217.7467739	93.69812107	422.0879006	68.09219455	328.3897795	0	0	0	1	0	0	1	0	0	10	FEMALE	giselle	B39					
B-39_10_pass1__1097_23.wav	ADS	212.8377779	166.2121941	280.1840315	31.19758173	113.9718373	1	0	0	0	0	0	0	0	0	10	MALE	giselle	B39					
B-39_10_pass1__1097_24.wav	ADS	234.7387158	112.8686753	340.1264256	46.52588769	227.2577504	0	0	0	1	0	0	0	0	0	10	FEMALE	giselle	B39					
B-39_10_pass1__1097_26.wav	CDS	215.3098955	121.8794541	313.5128576	40.23924944	191.6334034	0	0	0	0	0	0	1	0	0	10	FEMALE	giselle	B39					
B-39_10_pass1__1097_35.wav	CDS	280.2309678	183.1580738	459.0554728	68.00998946	275.897399	0	0	0	1	0	0	0	0	0	10	FEMALE	giselle	B39					
B-39_10_pass1__1097_4.wav	ADS	148.77284	115.6929534	200.601009	20.80192432	84.90805565	0	0	0	0	0	0	0	0	0	10	MALE	giselle	B39					
B-39_10_pass1__1097_6.wav	ADS	190.9611224	114.2667744	268.909642	38.07205789	154.6428676	0	0	0	1	0	0	0	0	0	10	FEMALE	giselle	B39					
B-39_10_pass1__1097_8.wav	ADS	227.5305276	180.3308205	324.4459193	35.85316531	144.1150987	0	0	0	1	0	0	0	0	0	10	FEMALE	giselle	B39					
B-40_07_pass1__489__1.wav	CDS	230.6558118	172.2994036	277.5707159	26.95498949	105.2713123	1	0	0	0	0	0	0	0	0	7	FEMALE	amy	B40					
B-40_07_pass1__489__13.wav	ADS	264.1398274	200.8077823	338.9847112	35.65362842	138.1769289	0	0	0	1	0	0	0	0	0	7	FEMALE	amy	B40					
B-40_07_pass1__489__14.wav	ADS	258.9345477	195.2993094	303.3942068	29.42177607	108.0948974	0	0	0	0	0	0	0	0	1	7	FEMALE	amy	B40					
B-40_07_pass1__489__15.wav	ADS	437.7496612	242.1103463	637.3293177	103.5939029	395.2189714	1	0	0	1	0	0	0	0	0	7	FEMALE	amy	B40					
B-40_07_pass1__489__24.wav	CDS	237.8411265	136.2480458	405.4418417	59.73257025	269.193796	1	1	0	0	0	0	0	0	0	7	FEMALE	amy	B40					
B-40_07_pass1__489__55.wav	CDS	203.0112185	110.9794939	264.9014301	40.3973333	153.9219363	0	0	0	0	0	0	1	0	0	7	FEMALE	amy	B40					
B-40_07_pass1__489__56.wav	CDS	233.8513	121.9018739	341.2416368	52.26556885	219.3397629	0	0	0	0	0	0	1	0	0	7	FEMALE	amy	B40					
B-40_07_pass1__489__6.wav	ADS	279.6596213	166.5877527	422.8418106	60.70246265	256.2540579	0	0	0	1	0	0	0	0	0	7	FEMALE	amy	B40					
B-40_07_pass1__489__7.wav	ADS	239.6494019	195.0906806	461.0695198	44.80511151	265.9788392	0	0	0	1	0	0	0	0	0	7	FEMALE	amy	B40					
B-40_07_pass1__489__8.wav	ADS	236.7722939	120.2253071	410.8087079	56.06058441	290.5834008	0	0	0	1	0	0	0	0	0	7	FEMALE	amy	B40					
B-41_09_pass1__142__1.wav	ADS	133.2291535	117.2828862	193.5401974	20.25387125	76.25731115	0	0	0	1	0	0	0	0	0	9	FEMALE	amy	B41					
B-41_09_pass1__142__12.wav	ADS	135.036475	109.4775525	230.4986511	27.01963109	121.0210986	0	0	0	1	0	0	0	0	0	9	FEMALE	amy	B41					
B-41_09_pass1__142__14.wav	ADS	123.5819262	107.3641636	180.1245302	11.77105582	72.76036664	0	0	0	1	0	0	0	0	0	9	FEMALE	amy	B41					
B-41_09_pass1__142__18.wav	ADS	132.2227097	108.2118842	434.1585108	49.56174745	325.9466266	0	0	0	1	0	0	0	0	0	9	FEMALE	amy	B41					
B-41_09_pass1__142__20.wav	ADS	145.8858083	117.8704091	249.6037591	33.5039805	131.73335	0	0	0	1	0	0	0	0	0	9	FEMALE	amy	B41					
B-41_09_pass1__142__3.wav	ADS	139.9852829	94.8363245	201.2706373	26.55024119	106.4343128	0	0	0	1	0	0	0	0	0	9	FEMALE	amy	B41					
B-41_09_pass1__142__31.wav	ADS	174.4272076	131.0499825	221.8323338	21.71416195	90.78235129	1	0	0	0	0	0	0	0	0	9	FEMALE	amy	B41					
B-41_09_pass1__142__33.wav	ADS	130.846059	108.5903899	174.6648511	12.58029565	66.07446115	1	0	0	0	0	0	0	0	0	9	MALE	amy	B41					
B-41_09_pass1__142__5.wav	ADS	135.7820246	109.3834099	209.4272104	24.01497046	100.0438004	0	0	0	1	0	0	0	0	0	9	FEMALE	amy	B41					
B-41_09_pass1__142__8.wav	ADS	165.2233077	107.9751466	246.1758573	39.72851192	138.2007107	0	0	0	1	0	0	0	0	0	9	FEMALE	amy	B41					
B-42_17_pass1__1277_14.wav	CDS	200.2004797	164.8436673	243.8006402	13.69653851	78.95697281	0	0	0	0	0	0	0	0	0	17	FEMALE	giselle	B42					
B-42_17_pass1__1277_7.wav	CDS	190.8860372	116.8619517	262.065602	42.33299596	145.2036503	0	0	0	0	0	1	0	0	0	17	FEMALE	giselle	B42					
B-43_11_pass1__948_1.wav	CDS	221.878655	112.704015	363.8641476	43.14429841	251.1601325	0	0	0	1	0	0	0	0	0	11	FEMALE	giselle	B43					
B-43_11_pass1__948_10.wav	CDS	279.0336755	246.8258979	306.6929623	16.19643565	59.86706448	0	0	0	1	0	0	0	0	0	11	FEMALE	giselle	B43					
B-43_11_pass1__948_14.wav	CDS	249.1551028	102.2101296	499.3335574	131.2217253	397.1234279	0	0	0	0	0	1	0	0	0	11	FEMALE	giselle	B43					
B-43_11_pass1__948_2.wav	CDS	309.5682541	155.4074933	372.1118547	40.62570741	216.7043613	0	0	0	1	0	0	0	0	0	11	FEMALE	giselle	B43					
B-43_11_pass1__948_4.wav	CDS	221.5314576	97.07300713	338.8585436	52.12298522	241.7855365	0	0	0	1	0	1	1	0	0	11	FEMALE	giselle	B43					
B-43_11_pass1__948_6.wav	CDS	203.7236496	165.7159923	265.2754979	25.29571751	99.55950556	0	0	0	0	0	0	1	0	0	11	FEMALE	giselle	B43					
B-43_11_pass1__948_9.wav	CDS	271.7105	177.294093	397.0677631	48.31323384	219.7736701	0	0	0	0	0	1	0	0	0	11	FEMALE	giselle	B43					
B-44_12_pass1__79_10.wav	CDS	369.1079683	152.5721216	634.6323737	132.518124	482.0602521	0	0	0	0	0	0	0	0	1	12	FEMALE	giselle	B44					
B-45_09_pass1__640_31.wav	CDS	259.3517068	173.2086713	562.559113	69.20341444	389.3504417	0	0	0	0	0	0	1	0	0	9	FEMALE	giselle	B45					
B-45_09_pass1__640_33.wav	ADS	246.9969172	143.167446	301.4279278	43.14135213	158.2604818	0	0	0	0	0	0	0	0	0	9	FEMALE	giselle	B45					
B-46_09_pass1__373__1.wav	CDS	244.3354867	170.6581978	418.3671219	68.79248735	247.708924	0	0	0	1	0	0	0	0	0	9	FEMALE	amy	B46					
B-46_09_pass1__373__10.wav	ADS	185.5999588	137.6407633	269.6140243	20.75630889	131.973261	0	0	0	0	0	0	0	0	1	9	MALE	amy	B46					
B-46_09_pass1__373__14.wav	ADS	163.7308178	115.5350266	539.5500192	55.43364004	424.0149926	1	0	0	0	0	0	1	0	0	9	MALE	amy	B46					
B-46_09_pass1__373__15.wav	ADS	234.7149903	183.8872736	268.4625206	23.55197891	84.57524699	0	0	0	1	0	0	0	0	0	9	FEMALE	amy	B46					
B-46_09_pass1__373__16.wav	ADS	252.0284921	145.4258656	325.011879	47.9168448	179.5860134	0	0	0	1	0	0	0	0	0	9	FEMALE	amy	B46					
B-46_09_pass1__373__17.wav	ADS	166.3284564	109.6303102	257.2389325	42.34126073	147.6086223	0	0	0	1	0	0	0	0	0	9	FEMALE	amy	B46					
B-46_09_pass1__373__18.wav	ADS	166.6498983	136.887701	218.7768166	24.28016887	81.88911565	0	0	0	1	0	0	0	0	0	9	FEMALE	amy	B46					
B-46_09_pass1__373__20.wav	ADS	169.8315066	117.542278	292.9999543	33.08794749	175.4576763	0	0	0	1	0	0	0	0	0	9	FEMALE	amy	B46					
B-46_09_pass1__373__22.wav	ADS	204.310595	146.1857531	255.0104825	26.70292199	108.8247294	0	0	0	1	0	0	0	0	0	9	FEMALE	amy	B46					
B-46_09_pass1__373__6.wav	ADS	174.100593	136.2412751	240.6595259	23.95672179	104.4182508	0	0	0	1	0	0	0	0	0	9	FEMALE	amy	B46					
M-101-010002_pass1_546_10.wav	CDS	216.701195	111.531329	463.492214	101.899773	351.960884	0	0	0	0	0	0	1	0	0	12	MALE	giselle	M101					
M-101-010002_pass1_546_21.wav	CDS	196.396095	165.062086	278.903951	23.7723186	113.841865	0	0	0	0	0	0	1	0	0	12	MALE	giselle	M101					
M-101-010002_pass1_546_3.wav	ADS	218.911486	116.560586	302.418661	40.7682746	185.858075	0	0	0	1	0	0	0	0	0	12	MALE	giselle	M101					
M-102-000723_pass1__124__1.wav	CDS	214.3269393	144.5075401	359.9733267	46.30680427	215.4657867	0	0	0	1	0	0	0	0	0	8	FEMALE	amy	M102					
M-102-000723_pass1__124__12.wav	CDS	202.8563995	110.2992476	299.3051345	46.82646127	189.0058869	0	1	0	1	0	0	1	0	0	8	FEMALE	amy	M102					
M-102-000723_pass1__124__15.wav	CDS	247.8455565	158.5586931	560.4910028	60.29276236	401.9323097	1	0	0	0	0	0	0	0	0	8	FEMALE	amy	M102					
M-102-000723_pass1__124__5.wav	CDS	171.6623867	100.2610284	249.9366648	30.30634772	149.6756364	1	0	0	0	0	0	1	0	0	8	FEMALE	amy	M102					
M-102-000723_pass1__124__9.wav	CDS	225.3192818	110.3158856	454.2525227	72.43694347	343.9366372	1	0	0	0	0	0	0	0	0	8	FEMALE	amy	M102					
M-103-010723_pass1__282__15.wav	CDS	262.3440429	187.1605329	482.8996965	62.67246198	295.7391636	0	1	0	0	0	0	0	0	0	20	FEMALE	amy	M103					
M-103-010723_pass1__282__17.wav	CDS	315.9332214	130.0679881	341.4105836	35.50158984	211.3425955	0	0	0	0	0	1	0	0	0	20	FEMALE	amy	M103					
M-103-010723_pass1__282__2.wav	CDS	246.0211429	196.5465437	378.1009488	52.08711814	181.5544051	0	0	1	0	0	0	0	0	0	20	FEMALE	amy	M103					
M-103-010723_pass1__282__4.wav	CDS	266.9585218	240.9004992	280.0764171	12.87541818	39.17591787	0	0	1	0	0	0	0	0	0	20	FEMALE	amy	M103					
M-103-010723_pass1__282__5.wav	CDS	254.1604298	215.4038123	284.6048424	17.68136139	69.20103013	0	0	1	0	0	0	0	0	0	20	FEMALE	amy	M103					
M-103-010723_pass1__282__8.wav	CDS	372.2032802	318.9817819	423.9629665	32.71563517	104.9811846	0	0	0	0	0	1	0	0	0	20	FEMALE	amy	M103					
M-104-010706_pass1__450_1.wav	CDS	281.7331206	158.8119613	461.1302916	78.05917472	302.3183303	0	0	0	0	0	1	0	0	0	19	FEMALE	giselle	M104					
M-104-010706_pass1__450_15.wav	ADS	195.307871	159.7909525	253.4097055	23.48268875	93.61875302	1	0	0	0	0	0	0	0	0	19	FEMALE	giselle	M104					
M-104-010706_pass1__450_18.wav	ADS	258.6780001	169.5288137	414.6715976	50.8568886	245.1427839	0	0	0	0	0	0	0	0	1	19	NA	giselle	M104					
M-104-010706_pass1__450_22.wav	ADS	231.0784865	171.0436815	357.8169893	30.70899498	186.7733077	0	0	0	0	0	0	1	0	0	19	FEMALE	giselle	M104					
M-104-010706_pass1__450_26.wav	ADS	201.6893737	163.4663422	241.3956863	16.00705683	77.92934418	0	0	0	0	0	0	1	0	0	19	FEMALE	giselle	M104					
M-104-010706_pass1__450_30.wav	ADS	214.7398457	170.4970726	300.2299635	21.27590264	129.7328909	0	0	0	0	0	0	0	0	0	19	FEMALE	giselle	M104					
M-106-000426_pass1_342_14.wav	ADS	141.149014	86.42026728	289.393099	41.52977775	202.9728317	1	0	0	0	0	0	0	0	0	5	FEMALE	giselle	M106					
M-107-001008_pass1__453_1.wav	CDS	218.4669113	117.0942371	259.846432	29.02418195	142.752195	0	0	0	0	0	0	1	0	0	10	FEMALE	giselle	M107					
M-107-001008_pass1__453_4.wav	CDS	205.7257444	99.30863024	281.8903408	65.51300081	182.5817105	0	0	0	0	0	0	1	0	0	10	FEMALE	giselle	M107					
M-107-001008_pass1__453_8.wav	CDS	181.9899766	120.5695992	252.9152408	25.33699367	132.3456416	0	0	0	0	0	1	0	0	1	10	FEMALE	giselle	M107					
V-S1MA_pass1__889__13.wav	CDS	318.6546434	171.4879502	455.0431766	85.763601	283.5552264	0	0	0	0	0	0	1	0	0	17	FEMALE	amy	VS1MA					
V-S1MA_pass1__889__16.wav	CDS	252.2370003	125.4796155	327.5038234	44.22814366	202.0242079	0	0	0	0	0	1	0	0	0	17	FEMALE	amy	VS1MA					
V-S1MA_pass1__889__5.wav	CDS	176.8822887	93.61139107	271.3445762	32.6136544	177.7331851	1	0	0	0	0	0	0	0	0	17	MALE	amy	VS1MA					
V-S1RJ_pass1__364__11.wav	CDS	222.9152876	196.8813524	278.6996578	20.22680533	81.81830542	0	0	0	1	0	1	0	0	0	19	FEMALE	amy	VS1RJ					
V-S1RJ_pass1__364__13.wav	CDS	265.3239594	228.0419606	366.0288438	32.14778745	137.9868832	0	0	0	1	0	1	0	0	0	19	FEMALE	amy	VS1RJ					
V-S1RJ_pass1__364__15.wav	CDS	229.9494853	134.4761196	466.6605497	48.37972426	332.1844301	0	0	0	1	0	1	0	0	0	19	FEMALE	amy	VS1RJ					
V-S1RJ_pass1__364__17.wav	CDS	219.4561354	94.64931372	398.6674736	69.5960432	304.0181598	1	0	0	1	0	1	0	0	0	19	FEMALE	amy	VS1RJ					
V-S1RJ_pass1__364__19.wav	CDS	215.2723766	110.7569127	318.8626944	36.06287211	208.1057817	0	0	0	1	0	0	0	0	0	19	FEMALE	amy	VS1RJ					
V-S1RJ_pass1__364__3.wav	CDS	237.5899899	126.957689	323.1018556	35.61783512	196.1441666	0	0	0	1	0	0	0	0	0	19	FEMALE	amy	VS1RJ					
V-S1RJ_pass1__364__7.wav	CDS	225.3032436	185	271.4645501	15.98049485	86.46455011	0	0	0	1	0	1	0	0	0	19	FEMALE	amy	VS1RJ					
V-S1RJ_pass1__364__8.wav	CDS	260.9487755	221.8680775	339.0078469	21.51288779	117.1397694	0	0	0	1	0	1	0	0	0	19	FEMALE	amy	VS1RJ					
V-S1RJ_pass1__364__9.wav	CDS	226.6974916	180.3108892	320.6251345	16.307002	140.3142453	0	0	0	1	0	1	0	0	0	19	FEMALE	amy	VS1RJ					
V-S1VL_pass1__631_1.wav	ADS	229.3913113	149.1438904	407.3778484	69.67013493	258.233958	0	0	0	1	0	0	1	0	0	5	FEMALE	giselle	VS1VL					
V-S1VL_pass1__631_10.wav	ADS	149.0809065	139.6888565	172.353489	9.581247935	32.66463251	0	0	0	1	0	0	0	0	0	5	FEMALE	giselle	VS1VL					
V-S1VL_pass1__631_11.wav	ADS	181.1996461	157.1068594	241.3097478	18.32441135	84.20288833	0	0	0	1	0	0	0	0	0	5	FEMALE	giselle	VS1VL					
V-S1VL_pass1__631_12.wav	ADS	158.2041546	139.8171685	180.7043174	9.730871502	40.88714889	0	0	0	1	0	0	0	0	0	5	FEMALE	giselle	VS1VL					
V-S1VL_pass1__631_14.wav	ADS	191.7221623	127.6166539	409.2664663	62.88174882	281.6498124	0	0	0	1	0	0	0	0	1	5	FEMALE	giselle	VS1VL					
V-S1VL_pass1__631_15.wav	ADS	146.864831	118.6592727	178.0477058	13.15312653	59.38843316	0	0	0	1	0	0	0	0	0	5	FEMALE	giselle	VS1VL					
V-S1VL_pass1__631_17.wav	ADS	176.7814424	152.6184759	242.3370958	18.63998424	89.71861987	1	0	0	0	0	0	1	0	0	5	FEMALE	giselle	VS1VL					
V-S1VL_pass1__631_3.wav	ADS	163.447295	113.0354557	239.1959804	22.08263403	126.1605247	0	0	0	1	0	0	0	0	0	5	FEMALE	giselle	VS1VL					
V-S1VL_pass1__631_5.wav	ADS	155.6987397	88.64867956	199.6580064	27.51046125	111.0093268	0	0	0	1	0	0	0	0	0	5	FEMALE	giselle	VS1VL					
V-S1VL_pass1__631_9.wav	ADS	205.4901778	165.0835937	262.484605	21.6858574	97.40101132	0	0	0	1	0	0	0	0	0	5	FEMALE	giselle	VS1VL					
W-204_pass1__528__1.wav	ADS	198.9228392	159.2329113	257.3366848	21.26019322	98.10377352	0	0	0	1	0	0	0	0	0	3	FEMALE	amy	W204					
W-204_pass1__528__11.wav	CDS	304.6529791	164.0487758	412.5660544	61.87852033	248.5172786	0	0	0	0	0	1	0	0	0	3	FEMALE	amy	W204					
W-204_pass1__528__13.wav	CDS	303.9856792	120	441.6932229	54.64478431	321.6932229	0	0	0	0	0	0	0	0	1	3	FEMALE	amy	W204					
W-204_pass1__528__15.wav	CDS	223.3027115	123.848933	421.3266142	63.40918433	297.4776812	0	0	0	0	0	1	0	0	0	3	FEMALE	amy	W204					
W-204_pass1__528__17.wav	ADS	297.5740106	115.3944987	564.1151979	114.2090716	448.7206992	0	0	0	0	0	1	0	0	0	3	FEMALE	amy	W204					
W-204_pass1__528__23.wav	ADS	199.97724	149.1486511	255.3270206	20.50412272	106.1783695	0	0	0	1	0	0	0	0	0	3	FEMALE	amy	W204					
W-204_pass1__528__25.wav	ADS	205.1512326	141.0412605	274.5789237	28.5814532	133.5376632	0	0	0	1	0	0	0	0	0	3	FEMALE	amy	W204					
W-204_pass1__528__29.wav	ADS	247.5592416	111.9026727	331.5069487	48.22113284	219.604276	0	0	0	0	0	1	0	0	0	3	FEMALE	amy	W204					
W-204_pass1__528__3.wav	ADS	240.7927563	140.6406758	332.1526222	44.53537736	191.5119464	0	0	0	1	0	0	0	0	0	3	FEMALE	amy	W204					
W-204_pass1__528__31.wav	ADS	191.925828	86.5414474	266.4749223	34.03142627	179.9334749	1	0	0	1	0	0	0	0	0	3	FEMALE	amy	W204					
W-204_pass1__528__33.wav	ADS	208.415114	173.1079235	315.4891164	29.25245536	142.3811929	0	0	0	1	0	0	0	0	0	3	FEMALE	amy	W204					
W-204_pass1__528__35.wav	ADS	196.7989307	139.3443649	262.4066349	26.6621177	123.06227	1	0	0	0	0	0	0	0	1	3	FEMALE	amy	W204					
W-204_pass1__528__5.wav	ADS	206.9528807	172.6329251	302.0263002	30.33525101	129.3933751	0	0	0	1	0	0	0	0	0	3	FEMALE	amy	W204					
W-204_pass1__528__7.wav	ADS	240.7866915	167.9425236	290.4085849	31.89334938	122.4660613	0	0	0	0	0	1	1	0	0	3	FEMALE	amy	W204					
W-204_pass1__528__9.wav	CDS	229.4711809	129.9839198	473.6968716	67.10852752	343.7129518	0	0	0	0	0	1	0	0	0	3	FEMALE	amy	W204					
W-340_pass1__581_15.wav	CDS	253.9106846	99.76731368	507.4214087	121.5350419	407.654095	0	0	0	1	0	0	0	0	0	3	MALE	giselle	W340					
W-340_pass1__581_20.wav	ADS	187.339933	95.05218098	601.756678	97.89710404	506.704497	0	0	0	1	0	0	0	0	0	3	MALE	giselle	W340					
W-340_pass1__581_24.wav	ADS	189.1973191	99.99328309	296.0432358	58.38190374	196.0499528	0	0	0	0	0	0	1	0	0	3	MALE	giselle	W340					
W-340_pass1__581_26.wav	ADS	185.5117538	92.78725519	342.267118	70.15538014	249.4798628	0	0	0	1	0	0	0	0	0	3	MALE	giselle	W340					
W-340_pass1__581_28.wav	ADS	134.4708755	102.0363954	252.4790961	30.73488503	150.4427007	0	0	0	1	0	0	0	0	0	3	MALE	giselle	W340					
W-340_pass1__581_30.wav	ADS	174.890322	99.38415754	373.1058657	60.78456437	273.7217081	0	0	0	0	0	0	1	0	0	3	MALE	giselle	W340					
W-340_pass1__581_32.wav	CDS	163.5516136	113.9335653	304.5368825	54.42751563	190.6033172	0	0	0	0	0	0	0	0	1	3	MALE	giselle	W340					
W-340_pass1__581_35.wav	ADS	171.1773109	94.52226594	373.8550208	64.32858273	279.3327549	0	0	0	1	0	0	0	0	0	3	MALE	giselle	W340					
W-340_pass1__581_4.wav	CDS	143.8968442	91.5958121	302.8694157	62.75072489	211.2736036	0	0	0	0	0	0	0	1	0	3	NA	giselle	W340					
W-340_pass1__581_6.wav	CDS	164.4369166	94.78091849	327.0084059	59.21591225	232.2274874	0	0	0	0	0	0	0	0	0	3	MALE	giselle	W340					
W-747_pass1__789_46.wav	ADS	160.7864954	107.0970297	240.1873714	37.45800197	133.0903417	0	0	0	1	0	0	0	0	0	3	MALE	giselle	W747					
W-747_pass1__789_48.wav	ADS	162.4774669	119.2794341	335.8280237	27.7531357	216.5485896	0	0	0	1	0	0	0	0	0	3	MALE	giselle	W747					
W-747_pass1__789_51.wav	ADS	131.4954674	101.2332683	162.9978447	12.89935127	61.76457637	0	0	0	0	0	0	0	0	1	3	MALE	giselle	W747					
W-955_pass1__793_11.wav	CDS	312.4011229	161.0505103	375.7808559	51.77982919	214.7303456	0	1	0	0	0	0	0	0	0	3	FEMALE	giselle	W955					
W-955_pass1__793_13.wav	CDS	242.3487859	117.7161028	470.8818222	88.25362371	353.1657194	0	0	0	0	0	0	0	0	0	3	FEMALE	giselle	W955					
W-955_pass1__793_24.wav	CDS	274.6408141	198.9048636	360.3842326	44.11983023	161.479369	0	0	0	0	0	1	0	0	0	3	FEMALE	giselle	W955					
W-955_pass1__793_26.wav	CDS	235.3725958	197.302619	324.2783379	36.40270303	126.9757189	0	0	0	1	0	0	0	0	0	3	FEMALE	giselle	W955					
W-955_pass1__793_3.wav	CDS	269.1334827	174.3809175	492.3515582	117.5508183	317.9706407	0	1	0	0	0	0	0	0	0	3	FEMALE	giselle	W955					
W-955_pass1__793_41.wav	CDS	282.5210106	157.1917746	623.9168024	93.21205958	466.7250278	0	0	0	0	0	1	0	0	0	3	FEMALE	giselle	W955					
W-955_pass1__793_45.wav	CDS	285.6063521	167.6520548	382.2731267	32.07624222	214.6210719	0	0	0	0	0	1	0	0	1	3	FEMALE	giselle	W955					
W-955_pass1__793_7.wav	CDS	275.9173321	181.3980179	394.0201237	74.17941655	212.6221058	0	0	0	0	0	0	0	0	1	3	FEMALE	giselle	W955					
W-973_pass1__707__1.wav	CDS	193.2748054	99.0694525	317.7940879	77.89904467	218.7246354	0	0	0	0	0	0	0	0	0	3	MALE	amy	W973					
W-973_pass1__707__10.wav	CDS	174.7881913	116.6602075	230.4229121	25.90300101	113.7627047	0	0	0	0	0	0	0	0	0	3	MALE	amy	W973					
W-973_pass1__707__12.wav	CDS	197.7474376	98.33761777	307.0028035	52.13096458	208.6651857	0	0	0	1	0	0	0	0	0	3	MALE	amy	W973					
W-973_pass1__707__13.wav	CDS	246.6239402	139.024022	317.80214	62.59223339	178.7781179	0	0	0	0	0	0	1	0	0	3	MALE	amy	W973					
W-973_pass1__707__14.wav	CDS	296.0738989	140	342.5387954	38.46243375	202.5387954	0	0	0	0	0	0	1	0	0	3	MALE	amy	W973					
W-973_pass1__707__17.wav	CDS	256.9161258	196.8536881	312.5900186	30.96532477	115.7363305	0	0	0	0	0	0	1	0	0	3	MALE	amy	W973					
W-973_pass1__707__20.wav	CDS	157.0690957	143.5172118	159.9914522	4.916440818	16.47424047	0	0	0	0	0	1	0	0	0	3	MALE	amy	W973					
W-973_pass1__707__26.wav	CDS	280.83707	264.287162	300.8528831	14.66300488	36.56572108	0	0	0	0	0	1	0	0	0	3	MALE	amy	W973					
W-973_pass1__707__27.wav	CDS	178.4011064	98.75721976	276.1773658	57.55322601	177.4201461	0	0	0	0	0	1	0	0	0	3	MALE	amy	W973					
W-973_pass1__707__29.wav	CDS	156.8148655	100.7973575	221.3781007	34.32592369	120.5807432	0	0	0	0	0	1	0	0	0	3	MALE	amy	W973					
W-973_pass1__707__31.wav	CDS	229.7114497	140.4077751	283.3298293	50.5365386	142.9220541	0	0	0	0	0	0	0	0	0	3	MALE	amy	W973					
W-973_pass1__707__33.wav	CDS	178.6439213	99.60300151	292.0303034	54.06377294	192.4273019	1	0	0	0	0	0	1	0	0	3	MALE	amy	W973					
W-973_pass1__707__35.wav	ADS	141.88768	116.5980176	204.7313923	22.26524413	88.13337474	0	0	0	1	0	0	0	0	0	3	MALE	amy	W973					
W-973_pass1__707__38.wav	CDS	196.0319646	178.4163693	218.6726904	10.25065027	40.25632103	0	0	0	0	0	0	0	0	1	3	FEMALE	amy	W973					
W-973_pass1__707__40.wav	CDS	325.6730369	179.839728	473.5831231	98.22186422	293.7433952	0	0	0	1	0	0	0	0	0	3	FEMALE	amy	W973					
W-973_pass1__707__42.wav	ADS	139.0730059	100.1280221	233.7486304	36.23279248	133.6206083	0	0	0	1	0	0	0	0	0	3	MALE	amy	W973					
W-973_pass1__707__43.wav	ADS	221.7608026	157.9791348	301.9326706	37.12829157	143.9535359	0	0	0	1	0	0	0	0	0	3	FEMALE	amy	W973					
W-973_pass1__707__46.wav	CDS	328.8719493	124.8659185	450.0755499	68.49955906	325.2096315	0	0	0	0	0	0	1	0	0	3	FEMALE	amy	W973					
W-973_pass1__707__49.wav	CDS	276.3165954	229.8450832	369.8872642	47.48510657	140.042181	0	0	0	0	0	0	0	0	1	3	FEMALE	amy	W973					
W-973_pass1__707__51.wav	CDS	285.9544957	261.8648454	316.2904026	11.60226589	54.4255572	0	0	0	0	0	0	1	0	0	3	FEMALE	amy	W973					
W-973_pass1__707__6.wav	CDS	157.429518	99.48306436	199.191971	27.32260057	99.70890668	0	0	0	1	0	0	0	0	0	3	MALE	amy	W973					
W-973_pass1__707__8.wav	CDS	172.6582397	99.07440222	233.8160153	32.93645063	134.741613	0	0	0	1	0	0	0	0	0	3	MALE	amy	W973					
W-973_pass1__707__9.wav	CDS	122.7434433	93.66198356	198.1322858	22.99377675	104.4703022	0	0	0	1	0	0	0	0	0	3	MALE	amy	W973					